t,count,mean_rate,m1_rate,m5_rate,m15_rate,rate_unit
1779783564,67108864,68316508.585569,0.000000,0.000000,0.000000,events/second
1779783565,67108864,33740434.733409,0.000000,0.000000,0.000000,events/second
1779783566,100663296,33629276.735395,0.000000,0.000000,0.000000,events/second
1779783567,100663296,25177443.157126,0.000000,0.000000,0.000000,events/second
1779783568,100663296,20121139.718736,20132659.200000,20132659.200000,20132659.200000,events/second
1779783569,100663296,16756891.839584,20132659.200000,20132659.200000,20132659.200000,events/second
1779783570,100663296,14357171.272519,20132659.200000,20132659.200000,20132659.200000,events/second
1779783571,100663296,12559557.389997,20132659.200000,20132659.200000,20132659.200000,events/second
1779783572,100663296,11162088.983147,20132659.200000,20132659.200000,20132659.200000,events/second
1779783573,100663296,10045264.152691,18522940.648596,19799895.612719,20021121.207966,events/second
1779783574,100663296,9131242.302218,18522940.648596,19799895.612719,20021121.207966,events/second
1779783575,100663296,8369588.548033,18522940.648596,19799895.612719,20021121.207966,events/second
1779783576,100663296,7725375.034351,18522940.648596,19799895.612719,20021121.207966,events/second
1779783577,100663296,7173068.762019,18522940.648596,19799895.612719,20021121.207966,events/second
1779783578,100663296,6694754.654914,17041928.086251,19472632.123757,19910201.153362,events/second
1779783579,100663296,6276078.377863,17041928.086251,19472632.123757,19910201.153362,events/second
1779783580,100663296,5906822.830233,17041928.086251,19472632.123757,19910201.153362,events/second
1779783581,100663296,5578698.406883,17041928.086251,19472632.123757,19910201.153362,events/second
1779783582,100663296,5285089.882338,17041928.086251,19472632.123757,19910201.153362,events/second
1779783583,100663296,5020838.023332,15679330.750270,19150777.824485,19799895.612719,events/second
1779783584,100663296,4781733.861106,15679330.750270,19150777.824485,19799895.612719,events/second
1779783585,100663296,4564311.768148,15679330.750270,19150777.824485,19799895.612719,events/second
1779783586,100663296,4365706.327367,15679330.750270,19150777.824485,19799895.612719,events/second
1779783587,100663296,4183757.214377,15679330.750270,19150777.824485,19799895.612719,events/second
1779783588,100663296,4016412.215824,14425680.681911,18834243.308861,19690201.181538,events/second
1779783589,100663296,3861930.609333,14425680.681911,18834243.308861,19690201.181538,events/second
1779783590,100663296,3718922.903577,14425680.681911,18834243.308861,19690201.181538,events/second
1779783591,100663296,3586170.601459,14425680.681911,18834243.308861,19690201.181538,events/second
1779783592,100663296,3462513.151895,14425680.681911,18834243.308861,19690201.181538,events/second
1779783593,100663296,3347126.346587,13272266.938619,18522940.648596,19581114.474178,events/second
1779783594,100663296,3239174.707594,13272266.938619,18522940.648596,19581114.474178,events/second
1779783595,100663296,3137956.939072,13272266.938619,18522940.648596,19581114.474178,events/second
1779783596,100663296,3042853.550796,13272266.938619,18522940.648596,19581114.474178,events/second
1779783597,100663296,2953366.982560,13272266.938619,18522940.648596,19581114.474178,events/second
1779783598,100663296,2869006.032094,12211075.066346,18216783.368726,19472632.123757,events/second
1779783599,100663296,2789356.075878,12211075.066346,18216783.368726,19472632.123757,events/second
1779783600,100663296,2713955.308252,12211075.066346,18216783.368726,19472632.123757,events/second
1779783601,100663296,2642539.923069,12211075.066346,18216783.368726,19472632.123757,events/second
1779783602,100663296,2574771.333609,12211075.066346,18216783.368726,19472632.123757,events/second
1779783603,100663296,2510420.067154,11234731.411411,17915686.423594,19364750.782047,events/second
1779783604,100663296,2449173.957468,11234731.411411,17915686.423594,19364750.782047,events/second
1779783605,100663296,2390867.391143,11234731.411411,17915686.423594,19364750.782047,events/second
1779783606,100663296,2335275.612189,11234731.411411,17915686.423594,19364750.782047,events/second
1779783607,100663296,2282211.470992,11234731.411411,17915686.423594,19364750.782047,events/second
1779783608,100663296,2231507.277070,10336451.884929,17619566.173225,19257467.119367,events/second
1779783609,100663296,2182998.704241,10336451.884929,17619566.173225,19257467.119367,events/second
1779783610,100663296,2136563.491181,10336451.884929,17619566.173225,19257467.119367,events/second
1779783611,100663296,2092073.666560,10336451.884929,17619566.173225,19257467.119367,events/second
1779783612,100663296,2049377.610835,10336451.884929,17619566.173225,19257467.119367,events/second
1779783613,100663296,2008371.764557,9509994.823814,17328340.360087,19150777.824485,events/second
1779783614,167772160,3281063.208980,9509994.823814,17328340.360087,19150777.824485,events/second
1779783615,167772160,3217979.597473,9509994.823814,17328340.360087,19150777.824485,events/second
1779783616,167772160,3157313.571211,9509994.823814,17328340.360087,19150777.824485,events/second
1779783617,167772160,3098895.000768,9509994.823814,17328340.360087,19150777.824485,events/second
1779783618,167772160,3042559.188736,9822763.321740,17263770.477771,19119038.265869,events/second
1779783619,167772160,2988268.283077,9822763.321740,17263770.477771,19119038.265869,events/second
1779783620,167772160,2935886.126334,9822763.321740,17263770.477771,19119038.265869,events/second
1779783621,167772160,2885315.125644,9822763.321740,17263770.477771,19119038.265869,events/second
1779783622,167772160,2836415.735041,9822763.321740,17263770.477771,19119038.265869,events/second
1779783623,167772160,2789143.706441,9037378.530392,16978425.450217,19013115.887876,events/second
1779783624,167772160,2743428.707199,9037378.530392,16978425.450217,19013115.887876,events/second
1779783625,167772160,2699218.159190,9037378.530392,16978425.450217,19013115.887876,events/second
1779783626,167772160,2656392.286900,9037378.530392,16978425.450217,19013115.887876,events/second
1779783627,167772160,2614884.395913,9037378.530392,16978425.450217,19013115.887876,events/second
1779783628,167772160,2574665.649272,8314789.639779,16697796.761126,18907780.335956,events/second
1779783629,167772160,2535683.908802,8314789.639779,16697796.761126,18907780.335956,events/second
1779783630,167772160,2497853.237795,8314789.639779,16697796.761126,18907780.335956,events/second
1779783631,167772160,2461151.295910,8314789.639779,16697796.761126,18907780.335956,events/second
1779783632,167772160,2425503.320762,8314789.639779,16697796.761126,18907780.335956,events/second
1779783633,167772160,2390871.576775,7649975.766896,16421806.456283,18803028.359005,events/second
1779783634,167772160,2357198.159702,7649975.766896,16421806.456283,18803028.359005,events/second
1779783635,167772160,2324466.921619,7649975.766896,16421806.456283,18803028.359005,events/second
1779783636,167772160,2292634.536441,7649975.766896,16421806.456283,18803028.359005,events/second
1779783637,167772160,2261655.443471,7649975.766896,16421806.456283,18803028.359005,events/second
1779783638,167772160,2231524.628804,7038317.476382,16150377.869938,18698856.723928,events/second
1779783639,167772160,2202192.097732,7038317.476382,16150377.869938,18698856.723928,events/second
1779783640,167772160,2173601.268358,7038317.476382,16150377.869938,18698856.723928,events/second
1779783641,167772160,2145754.326512,7038317.476382,16150377.869938,18698856.723928,events/second
1779783642,167772160,2118602.751270,7038317.476382,16150377.869938,18698856.723928,events/second
1779783643,167772160,2092133.773959,6475564.682534,15883435.603516,18595262.215543,events/second
1779783644,167772160,2066315.525042,6475564.682534,15883435.603516,18595262.215543,events/second
1779783645,167772160,2041134.985224,6475564.682534,15883435.603516,18595262.215543,events/second
1779783646,167772160,2016565.966230,6475564.682534,15883435.603516,18595262.215543,events/second
1779783647,167772160,1992579.579344,6475564.682534,15883435.603516,18595262.215543,events/second
1779783648,167772160,1969145.323465,5957807.117736,15620905.504672,18492241.636480,events/second
1779783649,167772160,1946263.736421,5957807.117736,15620905.504672,18492241.636480,events/second
1779783650,167772160,1923894.348402,5957807.117736,15620905.504672,18492241.636480,events/second
1779783651,167772160,1902034.727713,5957807.117736,15620905.504672,18492241.636480,events/second
1779783652,167772160,1880661.496501,5957807.117736,15620905.504672,18492241.636480,events/second
1779783653,167772160,1859780.384857,5481447.162112,15362714.646690,18389791.807083,events/second
1779783654,167772160,1839348.233066,5481447.162112,15362714.646690,18389791.807083,events/second
1779783655,167772160,1819370.192616,5481447.162112,15362714.646690,18389791.807083,events/second
1779783656,167772160,1799811.305539,5481447.162112,15362714.646690,18389791.807083,events/second
1779783657,167772160,1780676.485435,5481447.162112,15362714.646690,18389791.807083,events/second
1779783658,167772160,1761936.703527,5043174.845587,15108791.308227,18287909.565314,events/second
1779783659,167772160,1743597.858618,5043174.845587,15108791.308227,18287909.565314,events/second
1779783660,167772160,1725624.124169,5043174.845587,15108791.308227,18287909.565314,events/second
1779783661,167772160,1708024.093413,5043174.845587,15108791.308227,18287909.565314,events/second
1779783662,167772160,1690772.155939,5043174.845587,15108791.308227,18287909.565314,events/second
1779783663,167772160,1673866.884174,4639944.848681,14859064.953389,18186591.766649,events/second
1779783664,167772160,1657302.797470,4639944.848681,14859064.953389,18186591.766649,events/second
1779783665,167772160,1641061.718853,4639944.848681,14859064.953389,18186591.766649,events/second
1779783666,167772160,1625137.126156,4639944.848681,14859064.953389,18186591.766649,events/second
1779783667,167772160,1609522.983994,4639944.848681,14859064.953389,18186591.766649,events/second
1779783668,167772160,1594199.920372,4268955.342217,14613466.212140,18085835.283989,events/second
1779783669,167772160,1579168.547478,4268955.342217,14613466.212140,18085835.283989,events/second
1779783670,167772160,1564414.721959,4268955.342217,14613466.212140,18085835.283989,events/second
1779783671,167772160,1549935.892124,4268955.342217,14613466.212140,18085835.283989,events/second
1779783672,167772160,1535724.829778,4268955.342217,14613466.212140,18085835.283989,events/second
1779783673,167772160,1521764.644414,3927628.518909,14371926.861026,17985637.007558,events/second
1779783674,167772160,1508063.869162,3927628.518909,14371926.861026,17985637.007558,events/second
1779783675,167772160,1494605.844884,3927628.518909,14371926.861026,17985637.007558,events/second
1779783676,167772160,1481386.010838,3927628.518909,14371926.861026,17985637.007558,events/second
1779783677,167772160,1468390.532388,3927628.518909,14371926.861026,17985637.007558,events/second
1779783678,167772160,1455623.734746,3613592.681561,14134379.804231,17885993.844807,events/second
1779783679,167772160,1443081.175912,3613592.681561,14134379.804231,17885993.844807,events/second
1779783680,167772160,1430756.050585,3613592.681561,14134379.804231,17885993.844807,events/second
1779783681,167772160,1418639.790489,3613592.681561,14134379.804231,17885993.844807,events/second
1779783682,167772160,1406719.086993,3613592.681561,14134379.804231,17885993.844807,events/second
1779783683,167772160,1394996.329764,3324665.763416,13900759.054934,17786902.720323,events/second
1779783684,167772160,1383467.347624,3324665.763416,13900759.054934,17786902.720323,events/second
1779783685,167772160,1372135.546389,3324665.763416,13900759.054934,17786902.720323,events/second
1779783686,167772160,1360988.652271,3324665.763416,13900759.054934,17786902.720323,events/second
1779783687,167772160,1350019.487550,3324665.763416,13900759.054934,17786902.720323,events/second
1779783688,167772160,1339227.359877,3058840.166140,13670999.716980,17688360.575730,events/second
1779783689,167772160,1328600.241095,3058840.166140,13670999.716980,17688360.575730,events/second
1779783690,167772160,1318146.800587,3058840.166140,13670999.716980,17688360.575730,events/second
1779783691,167772160,1307850.507814,3058840.166140,13670999.716980,17688360.575730,events/second
1779783692,167772160,1297716.376538,3058840.166140,13670999.716980,17688360.575730,events/second
1779783693,167772160,1287741.020294,2814268.810101,13445037.966853,17590364.369597,events/second
1779783694,167772160,1277917.181993,2814268.810101,13445037.966853,17590364.369597,events/second
1779783695,167772160,1268243.895100,2814268.810101,13445037.966853,17590364.369597,events/second
1779783696,167772160,1258711.066970,2814268.810101,13445037.966853,17590364.369597,events/second
1779783697,167772160,1249322.960675,2814268.810101,13445037.966853,17590364.369597,events/second
1779783698,167772160,1240076.305940,2589252.299999,13222811.035948,17492911.077340,events/second
1779783699,167772160,1230963.053507,2589252.299999,13222811.035948,17492911.077340,events/second
1779783700,167772160,1221978.186304,2589252.299999,13222811.035948,17492911.077340,events/second
1779783701,167772160,1213127.427309,2589252.299999,13222811.035948,17492911.077340,events/second
1779783702,167772160,1204405.376509,2589252.299999,13222811.035948,17492911.077340,events/second
1779783703,167772160,1195808.906225,2382227.116680,13004257.193132,17395997.691135,events/second
1779783704,167772160,1187331.755108,2382227.116680,13004257.193132,17395997.691135,events/second
1779783705,167772160,1178976.314855,2382227.116680,13004257.193132,17395997.691135,events/second
1779783706,167772160,1170734.384209,2382227.116680,13004257.193132,17395997.691135,events/second
1779783707,167772160,1162604.678261,2382227.116680,13004257.193132,17395997.691135,events/second
1779783708,167772160,1154591.057013,2191754.753080,12789315.727600,17299621.219819,events/second
1779783709,167772160,1146682.016784,2191754.753080,12789315.727600,17299621.219819,events/second
1779783710,167772160,1138885.949033,2191754.753080,12789315.727600,17299621.219819,events/second
1779783711,167772160,1131197.730960,2191754.753080,12789315.727600,17299621.219819,events/second
1779783712,167772160,1123609.622803,2191754.753080,12789315.727600,17299621.219819,events/second
1779783713,167772160,1116124.593274,2016511.718808,12577926.932007,17203778.688804,events/second
1779783714,167772160,1108738.832367,2016511.718808,12577926.932007,17203778.688804,events/second
1779783715,167772160,1101447.694127,2016511.718808,12577926.932007,17203778.688804,events/second
1779783716,167772160,1094252.994797,2016511.718808,12577926.932007,17203778.688804,events/second
1779783717,167772160,1087152.452856,2016511.718808,12577926.932007,17203778.688804,events/second
1779783718,167772160,1080140.442500,1855280.343924,12370032.085883,17108467.139978,events/second
1779783719,167772160,1073221.614052,1855280.343924,12370032.085883,17108467.139978,events/second
1779783720,167772160,1066389.362902,1855280.343924,12370032.085883,17108467.139978,events/second
1779783721,167772160,1059643.438248,1855280.343924,12370032.085883,17108467.139978,events/second
1779783722,167772160,1052982.339387,1855280.343924,12370032.085883,17108467.139978,events/second
1779783723,167772160,1046405.403999,1706940.317999,12165573.439323,17013683.631619,events/second
1779783724,167772160,1039906.539019,1706940.317999,12165573.439323,17013683.631619,events/second
1779783725,167772160,1033490.884264,1706940.317999,12165573.439323,17013683.631619,events/second
1779783726,167772160,1027153.641249,1706940.317999,12165573.439323,17013683.631619,events/second
1779783727,167772160,1020890.759544,1706940.317999,12165573.439323,17013683.631619,events/second
1779783728,167772160,1014706.588252,1570460.905681,11964494.196945,16919425.238303,events/second
1779783729,167772160,1008598.413018,1570460.905681,11964494.196945,16919425.238303,events/second
1779783730,167772160,1002562.540370,1570460.905681,11964494.196945,16919425.238303,events/second
1779783731,167772160,996598.540673,1570460.905681,11964494.196945,16919425.238303,events/second
1779783732,167772160,990704.448674,1570460.905681,11964494.196945,16919425.238303,events/second
1779783733,167772160,984878.334246,1444893.784665,11766738.502110,16825689.050813,events/second
1779783734,167772160,979120.120701,1444893.784665,11766738.502110,16825689.050813,events/second
1779783735,167772160,973431.929988,1444893.784665,11766738.502110,16825689.050813,events/second
1779783736,167772160,967808.226393,1444893.784665,11766738.502110,16825689.050813,events/second
1779783737,167772160,962249.543981,1444893.784665,11766738.502110,16825689.050813,events/second
1779783738,167772160,956755.129507,1329366.456314,11572251.421408,16732472.176049,events/second
1779783739,167772160,951322.883003,1329366.456314,11572251.421408,16732472.176049,events/second
1779783740,167772160,945950.122869,1329366.456314,11572251.421408,16732472.176049,events/second
1779783741,167772160,940638.951237,1329366.456314,11572251.421408,16732472.176049,events/second
1779783742,167772160,935383.910842,1329366.456314,11572251.421408,16732472.176049,events/second
1779783743,167772160,930190.618631,1223076.183127,11380978.929402,16639771.736940,events/second
1779783744,167772160,925055.298552,1223076.183127,11380978.929402,16639771.736940,events/second
1779783745,167772160,919974.854406,1223076.183127,11380978.929402,16639771.736940,events/second
1779783746,167772160,914950.329418,1223076.183127,11380978.929402,16639771.736940,events/second
1779783747,167772160,909981.216832,1223076.183127,11380978.929402,16639771.736940,events/second
1779783748,167772160,905064.905992,1125284.410952,11192867.893612,16547584.872354,events/second
1779783749,167772160,900201.752034,1125284.410952,11192867.893612,16547584.872354,events/second
1779783750,167772160,895389.847141,1125284.410952,11192867.893612,16547584.872354,events/second
1779783751,167772160,890628.269067,1125284.410952,11192867.893612,16547584.872354,events/second
1779783752,167772160,885916.978373,1125284.410952,11192867.893612,16547584.872354,events/second
1779783753,167772160,881257.269800,1035311.637166,11007866.059764,16455908.737009,events/second
1779783754,167772160,876645.365467,1035311.637166,11007866.059764,16455908.737009,events/second
1779783755,234881024,1220879.304764,1035311.637166,11007866.059764,16455908.737009,events/second
1779783756,234881024,1214557.179447,1035311.637166,11007866.059764,16455908.737009,events/second
1779783757,234881024,1208298.729251,1035311.637166,11007866.059764,16455908.737009,events/second
1779783758,234881024,1202101.711370,2025678.390112,11047764.428790,16439099.162744,events/second
1779783759,234881024,1195973.286297,2025678.390112,11047764.428790,16439099.162744,events/second
1779783760,234881024,1189905.107774,2025678.390112,11047764.428790,16439099.162744,events/second
1779783761,234881024,1183899.801735,2025678.390112,11047764.428790,16439099.162744,events/second
1779783762,234881024,1177953.774721,2025678.390112,11047764.428790,16439099.162744,events/second
1779783763,234881024,1172067.816924,1863714.088658,10865160.944261,16348024.054720,events/second
1779783764,234881024,1166240.181453,1863714.088658,10865160.944261,16348024.054720,events/second
1779783765,234881024,1160468.612189,1863714.088658,10865160.944261,16348024.054720,events/second
1779783766,234881024,1154755.726760,1863714.088658,10865160.944261,16348024.054720,events/second
1779783767,234881024,1149097.703008,1863714.088658,10865160.944261,16348024.054720,events/second
1779783768,234881024,1143492.016622,1714699.737735,10685575.629858,16257453.516637,events/second
1779783769,234881024,1137942.759138,1714699.737735,10685575.629858,16257453.516637,events/second
1779783770,234881024,1132448.795596,1714699.737735,10685575.629858,16257453.516637,events/second
1779783771,234881024,1127007.763656,1714699.737735,10685575.629858,16257453.516637,events/second
1779783772,234881024,1121617.319787,1714699.737735,10685575.629858,16257453.516637,events/second
1779783773,234881024,1116279.269022,1577599.916470,10508958.599618,16167384.753102,events/second
1779783774,234881024,1110988.756508,1577599.916470,10508958.599618,16167384.753102,events/second
1779783775,234881024,1105750.478919,1577599.916470,10508958.599618,16167384.753102,events/second
1779783776,234881024,1100562.409489,1577599.916470,10508958.599618,16167384.753102,events/second
1779783777,234881024,1095421.922116,1577599.916470,10508958.599618,16167384.753102,events/second
1779783778,234881024,1090329.990776,1451461.991668,10335260.792117,16077814.984206,events/second
1779783779,234881024,1085284.530408,1451461.991668,10335260.792117,16077814.984206,events/second
1779783780,234881024,1080283.170959,1451461.991668,10335260.792117,16077814.984206,events/second
1779783781,234881024,1075329.395153,1451461.991668,10335260.792117,16077814.984206,events/second
1779783782,234881024,1070421.853130,1451461.991668,10335260.792117,16077814.984206,events/second
1779783783,234881024,1065557.956574,1335409.498481,10164433.956849,15988741.445445,events/second
1779783784,234881024,1060739.129942,1335409.498481,10164433.956849,15988741.445445,events/second
1779783785,234881024,1055961.035268,1335409.498481,10164433.956849,15988741.445445,events/second
1779783786,234881024,1051228.046944,1335409.498481,10164433.956849,15988741.445445,events/second
1779783787,234881024,1046536.544986,1335409.498481,10164433.956849,15988741.445445,events/second
1779783788,234881024,1041888.602469,1228636.050320,9996430.640816,15900161.387626,events/second
1779783789,234881024,1037280.542695,1228636.050320,9996430.640816,15900161.387626,events/second
1779783790,234881024,1032710.598960,1228636.050320,9996430.640816,15900161.387626,events/second
1779783791,234881024,1028182.883527,1228636.050320,9996430.640816,15900161.387626,events/second
1779783792,234881024,1023694.373125,1228636.050320,9996430.640816,15900161.387626,events/second
1779783793,234881024,1019242.988184,1130399.735709,9831204.175350,15812072.076792,events/second
1779783794,234881024,1014832.432306,1130399.735709,9831204.175350,15812072.076792,events/second
1779783795,234881024,1010460.013457,1130399.735709,9831204.175350,15812072.076792,events/second
1779783796,234881024,1006122.212352,1130399.735709,9831204.175350,15812072.076792,events/second
1779783797,234881024,1001823.537262,1130399.735709,9831204.175350,15812072.076792,events/second
1779783798,234881024,997560.782094,1040017.963138,9668708.663149,15724470.794129,events/second
1779783799,234881024,993334.303815,1040017.963138,9668708.663149,15724470.794129,events/second
1779783800,234881024,989146.164772,1040017.963138,9668708.663149,15724470.794129,events/second
1779783801,234881024,984992.171576,1040017.963138,9668708.663149,15724470.794129,events/second
1779783802,234881024,980872.853647,1040017.963138,9668708.663149,15724470.794129,events/second
1779783803,234881024,976788.411482,956862.718099,9508898.965525,15637354.835887,events/second
1779783804,234881024,972736.925394,956862.718099,9508898.965525,15637354.835887,events/second
1779783805,234881024,968719.596631,956862.718099,9508898.965525,15637354.835887,events/second
1779783806,234881024,964731.984884,956862.718099,9508898.965525,15637354.835887,events/second
1779783807,234881024,960779.429295,956862.718099,9508898.965525,15637354.835887,events/second
1779783808,234881024,956859.695090,880356.199354,9351730.689868,15550721.513295,events/second
1779783809,234881024,952972.764802,880356.199354,9351730.689868,15550721.513295,events/second
1779783810,234881024,949116.288817,880356.199354,9351730.689868,15550721.513295,events/second
1779783811,234881024,945291.658707,880356.199354,9351730.689868,15550721.513295,events/second
1779783812,234881024,941496.841851,880356.199354,9351730.689868,15550721.513295,events/second
1779783813,234881024,937730.096567,809966.804100,9197160.177312,15464568.152478,events/second
1779783814,234881024,933994.327256,809966.804100,9197160.177312,15464568.152478,events/second
1779783815,234881024,930288.785509,809966.804100,9197160.177312,15464568.152478,events/second
1779783816,234881024,926612.822571,809966.804100,9197160.177312,15464568.152478,events/second
1779783817,234881024,922965.620966,809966.804100,9197160.177312,15464568.152478,events/second
1779783818,234881024,919347.592420,745205.434147,9045144.490612,15378892.094375,events/second
1779783819,234881024,915755.757037,745205.434147,9045144.490612,15378892.094375,events/second
1779783820,234881024,912191.515491,745205.434147,9045144.490612,15378892.094375,events/second
1779783821,234881024,908656.819225,745205.434147,9045144.490612,15378892.094375,events/second
1779783822,234881024,905150.080064,745205.434147,9045144.490612,15378892.094375,events/second
1779783823,234881024,901669.540766,685622.097439,8895641.402208,15293690.694655,events/second
1779783824,234881024,898215.729409,685622.097439,8895641.402208,15293690.694655,events/second
1779783825,234881024,894787.842797,685622.097439,8895641.402208,15293690.694655,events/second
1779783826,234881024,891385.033714,685622.097439,8895641.402208,15293690.694655,events/second
1779783827,234881024,888010.125136,685622.097439,8895641.402208,15293690.694655,events/second
1779783828,234881024,884660.165091,630802.781295,8748609.382506,15208961.323641,events/second
1779783829,234881024,881335.396876,630802.781295,8748609.382506,15208961.323641,events/second
1779783830,234881024,878036.164533,630802.781295,8748609.382506,15208961.323641,events/second
1779783831,234881024,874759.668578,630802.781295,8748609.382506,15208961.323641,events/second
1779783832,234881024,871508.610766,630802.781295,8748609.382506,15208961.323641,events/second
1779783833,234881024,868282.383431,580366.575663,8604007.588330,15124701.366220,events/second
1779783834,234881024,865079.836315,580366.575663,8604007.588330,15124701.366220,events/second
1779783835,234881024,861901.348853,580366.575663,8604007.588330,15124701.366220,events/second
1779783836,234881024,858745.506319,580366.575663,8604007.588330,15124701.366220,events/second
1779783837,234881024,855612.651848,580366.575663,8604007.588330,15124701.366220,events/second
1779783838,234881024,852502.817436,533963.026376,8461795.851587,15040908.221771,events/second
1779783839,234881024,849416.187676,533963.026376,8461795.851587,15040908.221771,events/second
1779783840,234881024,846350.614192,533963.026376,8461795.851587,15040908.221771,events/second
1779783841,234881024,843307.868109,533963.026376,8461795.851587,15040908.221771,events/second
1779783842,234881024,840284.639249,533963.026376,8461795.851587,15040908.221771,events/second
1779783843,234881024,837285.020987,491269.700036,8321934.668102,14957579.304078,events/second
1779783844,234881024,834306.142324,491269.700036,8321934.668102,14957579.304078,events/second
1779783845,234881024,831347.158940,491269.700036,8321934.668102,14957579.304078,events/second
1779783846,234881024,828410.612957,491269.700036,8321934.668102,14957579.304078,events/second
1779783847,234881024,825495.026701,491269.700036,8321934.668102,14957579.304078,events/second
1779783848,234881024,822599.453057,451989.943595,8184385.186647,14874712.041255,events/second
1779783849,234881024,819724.565096,451989.943595,8184385.186647,14874712.041255,events/second
1779783850,234881024,816869.661063,451989.943595,8184385.186647,14874712.041255,events/second
1779783851,234881024,814032.458739,451989.943595,8184385.186647,14874712.041255,events/second
1779783852,234881024,811216.852791,451989.943595,8184385.186647,14874712.041255,events/second
1779783853,234881024,808421.173460,415850.823073,8049109.198148,14792303.875663,events/second
1779783854,234881024,805644.276268,415850.823073,8049109.198148,14792303.875663,events/second
1779783855,234881024,802887.116075,415850.823073,8049109.198148,14792303.875663,events/second
1779783856,234881024,800147.764527,415850.823073,8049109.198148,14792303.875663,events/second
1779783857,234881024,797427.079303,415850.823073,8049109.198148,14792303.875663,events/second
1779783858,234881024,794724.842436,382601.227087,7916069.125072,14710352.263834,events/second
1779783859,234881024,792041.548039,382601.227087,7916069.125072,14710352.263834,events/second
1779783860,234881024,789376.997178,382601.227087,7916069.125072,14710352.263834,events/second
1779783861,234881024,786729.083643,382601.227087,7916069.125072,14710352.263834,events/second
1779783862,234881024,784098.308317,382601.227087,7916069.125072,14710352.263834,events/second
1779783863,234881024,781485.811377,352010.122012,7785228.010987,14628854.676391,events/second
1779783864,234881024,778889.026179,352010.122012,7785228.010987,14628854.676391,events/second
1779783865,234881024,776310.339369,352010.122012,7785228.010987,14628854.676391,events/second
1779783866,234881024,773747.600447,352010.122012,7785228.010987,14628854.676391,events/second
1779783867,234881024,771202.945503,352010.122012,7785228.010987,14628854.676391,events/second
1779783868,234881024,768675.715474,323864.946650,7656549.510298,14547808.597969,events/second
1779783869,234881024,766164.513348,323864.946650,7656549.510298,14547808.597969,events/second
1779783870,234881024,763670.370131,323864.946650,7656549.510298,14547808.597969,events/second
1779783871,234881024,761191.788951,323864.946650,7656549.510298,14547808.597969,events/second
1779783872,234881024,758727.484559,323864.946650,7656549.510298,14547808.597969,events/second
1779783873,234881024,756280.972098,297970.135260,7529997.878150,14467211.527141,events/second
1779783874,234881024,753850.290743,297970.135260,7529997.878150,14467211.527141,events/second
1779783876,234881024,751435.354915,297970.135260,7529997.878150,14467211.527141,events/second
1779783877,234881024,749035.901909,297970.135260,7529997.878150,14467211.527141,events/second
1779783878,234881024,746650.850781,297970.135260,7529997.878150,14467211.527141,events/second
1779783879,234881024,744279.972865,274145.758672,7405537.960498,14387060.976335,events/second
1779783880,234881024,741925.028845,274145.758672,7405537.960498,14387060.976335,events/second
1779783881,234881024,739583.995902,274145.758672,7405537.960498,14387060.976335,events/second
1779783882,234881024,737259.091246,274145.758672,7405537.960498,14387060.976335,events/second
1779783883,234881024,734947.013873,274145.758672,7405537.960498,14387060.976335,events/second
1779783884,234881024,732651.063934,252226.274061,7283135.184342,14307354.471763,events/second
1779783885,234881024,730369.070278,252226.274061,7283135.184342,14307354.471763,events/second
1779783886,234881024,728100.382479,252226.274061,7283135.184342,14307354.471763,events/second
1779783887,234881024,725846.487115,252226.274061,7283135.184342,14307354.471763,events/second
1779783888,234881024,723607.351788,252226.274061,7283135.184342,14307354.471763,events/second
1779783889,234881024,721381.951160,232059.374672,7162755.548124,14228089.553342,events/second
1779783890,234881024,719168.836724,232059.374672,7162755.548124,14228089.553342,events/second
1779783891,234881024,716970.212593,232059.374672,7162755.548124,14228089.553342,events/second
1779783892,234881024,714784.715275,232059.374672,7162755.548124,14228089.553342,events/second
1779783893,234881024,712611.676465,232059.374672,7162755.548124,14228089.553342,events/second
1779783894,234881024,710452.645722,213504.931529,7044365.612282,14149263.774616,events/second
1779783895,234881024,708307.273894,213504.931529,7044365.612282,14149263.774616,events/second
1779783896,234881024,706173.154468,213504.931529,7044365.612282,14149263.774616,events/second
1779783897,234881024,704052.663399,213504.931529,7044365.612282,14149263.774616,events/second
1779783898,234881024,701937.873769,213504.931529,7044365.612282,14149263.774616,events/second
1779783899,301989888,899798.745343,1269579.720686,7149774.881483,14145233.364042,events/second
1779783900,301989888,897122.051345,1269579.720686,7149774.881483,14145233.364042,events/second
1779783901,301989888,894460.810019,1269579.720686,7149774.881483,14145233.364042,events/second
1779783902,301989888,891815.708473,1269579.720686,7149774.881483,14145233.364042,events/second
1779783903,301989888,889186.169865,1269579.720686,7149774.881483,14145233.364042,events/second
1779783904,301989888,886571.732893,1168069.730944,7031599.497189,14066866.621199,events/second
1779783905,301989888,883972.823768,1168069.730944,7031599.497189,14066866.621199,events/second
1779783906,301989888,881389.828605,1168069.730944,7031599.497189,14066866.621199,events/second
1779783907,301989888,878820.655429,1168069.730944,7031599.497189,14066866.621199,events/second
1779783908,301989888,876265.502375,1168069.730944,7031599.497189,14066866.621199,events/second
1779783909,301989888,873726.581244,1074676.031852,6915377.380192,13988934.042023,events/second
1779783910,301989888,871202.511999,1074676.031852,6915377.380192,13988934.042023,events/second
1779783911,301989888,868693.165236,1074676.031852,6915377.380192,13988934.042023,events/second
1779783912,301989888,866198.037933,1074676.031852,6915377.380192,13988934.042023,events/second
1779783913,301989888,863716.389095,1074676.031852,6915377.380192,13988934.042023,events/second
1779783914,301989888,861250.227923,988749.680642,6801076.245823,13911433.221180,events/second
1779783915,301989888,858797.730349,988749.680642,6801076.245823,13911433.221180,events/second
1779783916,301989888,856359.269798,988749.680642,6801076.245823,13911433.221180,events/second
1779783917,301989888,853934.075692,988749.680642,6801076.245823,13911433.221180,events/second
1779783918,301989888,851522.627027,988749.680642,6801076.245823,13911433.221180,events/second
1779783919,301989888,849125.211159,909693.621141,6688664.343031,13834361.766665,events/second
1779783920,301989888,846741.107088,909693.621141,6688664.343031,13834361.766665,events/second
1779783921,301989888,844369.969215,909693.621141,6688664.343031,13834361.766665,events/second
1779783922,301989888,842011.203803,909693.621141,6688664.343031,13834361.766665,events/second
1779783923,301989888,839666.217013,909693.621141,6688664.343031,13834361.766665,events/second
1779783924,301989888,837334.975087,836958.535155,6578110.445565,13757717.299723,events/second
1779783925,301989888,835016.369530,836958.535155,6578110.445565,13757717.299723,events/second
1779783926,301989888,832710.902776,836958.535155,6578110.445565,13757717.299723,events/second
1779783927,301989888,830417.461686,836958.535155,6578110.445565,13757717.299723,events/second
1779783928,301989888,828136.923768,836958.535155,6578110.445565,13757717.299723,events/second
1779783929,301989888,825868.991789,770039.025545,6469383.843299,13681497.454777,events/second
1779783930,301989888,823613.887032,770039.025545,6469383.843299,13681497.454777,events/second
1779783931,301989888,821371.336180,770039.025545,6469383.843299,13681497.454777,events/second
1779783932,301989888,819139.990221,770039.025545,6469383.843299,13681497.454777,events/second
1779783933,301989888,816921.290573,770039.025545,6469383.843299,13681497.454777,events/second
1779783934,301989888,814714.294987,708470.104500,6362454.333700,13605699.879357,events/second
1779783935,301989888,812519.512109,708470.104500,6362454.333700,13605699.879357,events/second
1779783936,301989888,810335.741946,708470.104500,6362454.333700,13605699.879357,events/second
1779783937,301989888,808163.663017,708470.104500,6362454.333700,13605699.879357,events/second
1779783938,301989888,806003.676929,708470.104500,6362454.333700,13605699.879357,events/second
1779783939,301989888,803855.180074,651823.962577,6257292.213437,13530322.234025,events/second
1779783940,301989888,801718.713518,651823.962577,6257292.213437,13530322.234025,events/second
1779783941,301989888,799592.387634,651823.962577,6257292.213437,13530322.234025,events/second
1779783942,301989888,797477.675157,651823.962577,6257292.213437,13530322.234025,events/second
1779783943,301989888,795374.324641,651823.962577,6257292.213437,13530322.234025,events/second
1779783944,301989888,793280.780169,599706.996090,6153868.270136,13455362.192306,events/second
1779783945,301989888,791200.105777,599706.996090,6153868.270136,13455362.192306,events/second
1779783946,301989888,789129.282015,599706.996090,6153868.270136,13455362.192306,events/second
1779783947,301989888,787069.870438,599706.996090,6153868.270136,13455362.192306,events/second
1779783948,301989888,785020.382706,599706.996090,6153868.270136,13455362.192306,events/second
1779783949,301989888,782982.035430,551757.072167,6052153.774257,13380817.440611,events/second
1779783950,301989888,780953.070696,551757.072167,6052153.774257,13380817.440611,events/second
1779783951,301989888,778935.729469,551757.072167,6052153.774257,13380817.440611,events/second
1779783952,301989888,776928.905934,551757.072167,6052153.774257,13380817.440611,events/second
1779783953,301989888,774932.471772,551757.072167,6052153.774257,13380817.440611,events/second
1779783954,301989888,772946.494422,507641.012479,5952120.471121,13306685.678172,events/second
1779783955,301989888,770970.485018,507641.012479,5952120.471121,13306685.678172,events/second
1779783956,301989888,769004.355928,507641.012479,5952120.471121,13306685.678172,events/second
1779783957,301989888,767048.426027,507641.012479,5952120.471121,13306685.678172,events/second
1779783958,301989888,765102.116290,507641.012479,5952120.471121,13306685.678172,events/second
1779783959,301989888,763165.376537,467052.278168,5853740.573054,13232964.616964,events/second
1779783960,301989888,761238.914543,467052.278168,5853740.573054,13232964.616964,events/second
1779783961,301989888,759321.406984,467052.278168,5853740.573054,13232964.616964,events/second
1779783962,301989888,757414.409051,467052.278168,5853740.573054,13232964.616964,events/second
1779783963,301989888,755516.482310,467052.278168,5853740.573054,13232964.616964,events/second
1779783964,301989888,753628.170240,429708.839869,5756986.751676,13159651.981640,events/second
1779783965,301989888,751749.160282,429708.839869,5756986.751676,13159651.981640,events/second
1779783966,301989888,749878.509405,429708.839869,5756986.751676,13159651.981640,events/second
1779783967,301989888,748018.051235,429708.839869,5756986.751676,13159651.981640,events/second
1779783968,301989888,746167.113784,429708.839869,5756986.751676,13159651.981640,events/second
1779783969,301989888,744324.201033,395351.218038,5661832.130303,13086745.509459,events/second
1779783970,301989888,742491.937113,395351.218038,5661832.130303,13086745.509459,events/second
1779783971,301989888,740668.016526,395351.218038,5661832.130303,13086745.509459,events/second
1779783972,301989888,738853.149896,395351.218038,5661832.130303,13086745.509459,events/second
1779783973,301989888,737047.541462,395351.218038,5661832.130303,13086745.509459,events/second
1779783974,301989888,735250.672528,363740.679973,5568250.276483,13014242.950215,events/second
1779783975,301989888,733462.283654,363740.679973,5568250.276483,13014242.950215,events/second
1779783976,301989888,731682.553245,363740.679973,5568250.276483,13014242.950215,events/second
1779783977,301989888,729911.548040,363740.679973,5568250.276483,13014242.950215,events/second
1779783978,301989888,728148.189555,363740.679973,5568250.276483,13014242.950215,events/second
1779783979,301989888,726394.499536,334657.580983,5476215.194655,12942142.066170,events/second
1779783980,301989888,724649.609522,334657.580983,5476215.194655,12942142.066170,events/second
1779783981,301989888,722913.126523,334657.580983,5476215.194655,12942142.066170,events/second
1779783982,301989888,721184.581708,334657.580983,5476215.194655,12942142.066170,events/second
1779783983,301989888,719463.819230,334657.580983,5476215.194655,12942142.066170,events/second
1779783984,301989888,717751.891137,307899.838196,5385701.318928,12870440.631981,events/second
1779783985,301989888,716047.460062,307899.838196,5385701.318928,12870440.631981,events/second
1779783986,301989888,714351.017666,307899.838196,5385701.318928,12870440.631981,events/second
1779783987,301989888,712662.930827,307899.838196,5385701.318928,12870440.631981,events/second
1779783988,301989888,710983.111127,307899.838196,5385701.318928,12870440.631981,events/second
1779783989,301989888,709310.802882,283281.526398,5296683.505975,12799136.434636,events/second
1779783990,301989888,707645.978224,283281.526398,5296683.505975,12799136.434636,events/second
1779783991,301989888,705988.209003,283281.526398,5296683.505975,12799136.434636,events/second
1779783992,301989888,704339.376310,283281.526398,5296683.505975,12799136.434636,events/second
1779783993,301989888,702698.015903,283281.526398,5296683.505975,12799136.434636,events/second
1779783994,301989888,701064.267147,260631.586130,5209137.028054,12728227.273382,events/second
1779783995,301989888,699438.122140,260631.586130,5209137.028054,12728227.273382,events/second
1779783996,301989888,697819.671756,260631.586130,5209137.028054,12728227.273382,events/second
1779783997,301989888,696208.634186,260631.586130,5209137.028054,12728227.273382,events/second
1779783998,301989888,694604.863358,260631.586130,5209137.028054,12728227.273382,events/second
1779783999,301989888,693008.658753,239792.635095,5123037.566136,12657710.959659,events/second
1779784000,301989888,691419.776457,239792.635095,5123037.566136,12657710.959659,events/second
1779784001,301989888,689838.449450,239792.635095,5123037.566136,12657710.959659,events/second
1779784002,301989888,688263.913621,239792.635095,5123037.566136,12657710.959659,events/second
1779784003,301989888,686697.147322,239792.635095,5123037.566136,12657710.959659,events/second
1779784004,301989888,685137.081598,220619.874588,5038361.203151,12587585.317033,events/second
1779784005,301989888,683583.929389,220619.874588,5038361.203151,12587585.317033,events/second
1779784006,301989888,682037.819917,220619.874588,5038361.203151,12587585.317033,events/second
1779784007,301989888,680498.514722,220619.874588,5038361.203151,12587585.317033,events/second
1779784008,301989888,678966.364494,220619.874588,5038361.203151,12587585.317033,events/second
1779784009,301989888,677440.958575,202980.083371,4955084.417341,12517848.181125,events/second
1779784010,301989888,675921.889341,202980.083371,4955084.417341,12517848.181125,events/second
1779784011,301989888,674409.687396,202980.083371,4955084.417341,12517848.181125,events/second
1779784012,301989888,672903.878280,202980.083371,4955084.417341,12517848.181125,events/second
1779784013,301989888,671405.720498,202980.083371,4955084.417341,12517848.181125,events/second
1779784014,301989888,669913.872312,186750.691987,4873184.075732,12448497.399550,events/second
1779784015,301989888,668428.904241,186750.691987,4873184.075732,12448497.399550,events/second
1779784016,301989888,666950.817688,186750.691987,4873184.075732,12448497.399550,events/second
1779784017,301989888,665479.097345,186750.691987,4873184.075732,12448497.399550,events/second
1779784018,301989888,664013.864798,186750.691987,4873184.075732,12448497.399550,events/second
1779784019,301989888,662555.174425,171818.931090,4792637.427700,12379530.831846,events/second
1779784020,301989888,661102.547183,171818.931090,4792637.427700,12379530.831846,events/second
1779784021,301989888,659656.733027,171818.931090,4792637.427700,12379530.831846,events/second
1779784022,301989888,658216.745352,171818.931090,4792637.427700,12379530.831846,events/second
1779784023,301989888,656783.145929,171818.931090,4792637.427700,12379530.831846,events/second
1779784024,301989888,655355.594452,158081.047877,4713422.098660,12310946.349409,events/second
1779784025,301989888,653933.456381,158081.047877,4713422.098660,12310946.349409,events/second
1779784026,301989888,652518.759850,158081.047877,4713422.098660,12310946.349409,events/second
1779784027,301989888,651109.670487,158081.047877,4713422.098660,12310946.349409,events/second
1779784028,301989888,649707.056127,158081.047877,4713422.098660,12310946.349409,events/second
1779784029,301989888,648310.609025,145441.585158,4635516.083844,12242741.835430,events/second
1779784030,301989888,646919.475186,145441.585158,4635516.083844,12242741.835430,events/second
1779784031,301989888,645534.468906,145441.585158,4635516.083844,12242741.835430,events/second
1779784032,301989888,644155.822435,145441.585158,4635516.083844,12242741.835430,events/second
1779784033,301989888,642782.585628,145441.585158,4635516.083844,12242741.835430,events/second
1779784034,301989888,641415.628375,133812.718080,4558897.742192,12174915.184825,events/second
1779784035,301989888,640054.617763,133812.718080,4558897.742192,12174915.184825,events/second
1779784036,301989888,638698.949759,133812.718080,4558897.742192,12174915.184825,events/second
1779784037,301989888,637348.747364,133812.718080,4558897.742192,12174915.184825,events/second
1779784038,301989888,636003.658377,133812.718080,4558897.742192,12174915.184825,events/second
1779784039,301989888,634665.413343,123113.643876,4483545.790337,12107464.304173,events/second
1779784040,301989888,633332.981778,123113.643876,4483545.790337,12107464.304173,events/second
1779784041,301989888,632006.022123,123113.643876,4483545.790337,12107464.304173,events/second
1779784042,301989888,630679.545324,123113.643876,4483545.790337,12107464.304173,events/second
1779784043,369098752,769221.098321,123113.643876,4483545.790337,12107464.304173,events/second
1779784044,369098752,767619.223913,1186415.721349,4631281.688219,12114745.773009,events/second
1779784045,369098752,766022.891552,1186415.721349,4631281.688219,12114745.773009,events/second
1779784046,369098752,764433.901050,1186415.721349,4631281.688219,12114745.773009,events/second
1779784047,369098752,762851.700809,1186415.721349,4631281.688219,12114745.773009,events/second
1779784048,369098752,761275.760796,1186415.721349,4631281.688219,12114745.773009,events/second
1779784049,369098752,759706.707692,1091555.157855,4554733.334971,12047628.240044,events/second
1779784050,369098752,758144.285643,1091555.157855,4554733.334971,12047628.240044,events/second
1779784051,369098752,756587.959025,1091555.157855,4554733.334971,12047628.240044,events/second
1779784052,369098752,755038.268371,1091555.157855,4554733.334971,12047628.240044,events/second
1779784053,369098752,753494.625803,1091555.157855,4554733.334971,12047628.240044,events/second
1779784054,369098752,751957.255191,1004279.226245,4479450.214713,11980882.548414,events/second
1779784055,369098752,750425.267527,1004279.226245,4479450.214713,11980882.548414,events/second
1779784056,369098752,748900.530737,1004279.226245,4479450.214713,11980882.548414,events/second
1779784057,369098752,747381.734807,1004279.226245,4479450.214713,11980882.548414,events/second
1779784058,369098752,745869.168921,1004279.226245,4479450.214713,11980882.548414,events/second
1779784059,369098752,744362.993971,923981.492835,4405411.414986,11914506.638060,events/second
1779784060,369098752,742861.771151,923981.492835,4405411.414986,11914506.638060,events/second
1779784061,369098752,741367.782353,923981.492835,4405411.414986,11914506.638060,events/second
1779784062,369098752,739879.646285,923981.492835,4405411.414986,11914506.638060,events/second
1779784063,369098752,738396.622897,923981.492835,4405411.414986,11914506.638060,events/second
1779784064,369098752,736920.186515,850104.011703,4332596.368978,11848498.460339,events/second
1779784065,369098752,735450.040158,850104.011703,4332596.368978,11848498.460339,events/second
1779784066,369098752,733984.479626,850104.011703,4332596.368978,11848498.460339,events/second
1779784067,369098752,732525.870099,850104.011703,4332596.368978,11848498.460339,events/second
1779784068,369098752,731072.655556,850104.011703,4332596.368978,11848498.460339,events/second
1779784069,369098752,729625.208745,782133.447822,4260984.849821,11782855.977955,events/second
1779784070,369098752,728182.739648,782133.447822,4260984.849821,11782855.977955,events/second
1779784071,369098752,726746.600030,782133.447822,4260984.849821,11782855.977955,events/second
1779784072,369098752,725316.299926,782133.447822,4260984.849821,11782855.977955,events/second
1779784073,369098752,723890.987449,782133.447822,4260984.849821,11782855.977955,events/second
1779784074,369098752,722472.164455,719597.510163,4190556.964966,11717577.164900,events/second
1779784075,369098752,721058.579654,719597.510163,4190556.964966,11717577.164900,events/second
1779784076,369098752,719650.631595,719597.510163,4190556.964966,11717577.164900,events/second
1779784077,369098752,718248.352774,719597.510163,4190556.964966,11717577.164900,events/second
1779784078,369098752,716851.648756,719597.510163,4190556.964966,11717577.164900,events/second
1779784079,369098752,715459.775599,662061.670007,4121293.150657,11652660.006392,events/second
1779784080,369098752,714073.541956,662061.670007,4121293.150657,11652660.006392,events/second
1779784081,369098752,712692.619193,662061.670007,4121293.150657,11652660.006392,events/second
1779784082,369098752,711317.511780,662061.670007,4121293.150657,11652660.006392,events/second
1779784083,369098752,709947.258499,662061.670007,4121293.150657,11652660.006392,events/second
1779784084,369098752,708582.487191,609126.141630,4053174.166502,11588102.498810,events/second
1779784085,369098752,707222.887452,609126.141630,4053174.166502,11588102.498810,events/second
1779784086,369098752,705868.559498,609126.141630,4053174.166502,11588102.498810,events/second
1779784087,369098752,704519.734731,609126.141630,4053174.166502,11588102.498810,events/second
1779784088,369098752,703175.546016,609126.141630,4053174.166502,11588102.498810,events/second
1779784089,369098752,701836.717316,560423.104411,3986181.090122,11523902.649632,events/second
1779784090,369098752,700502.621709,560423.104411,3986181.090122,11523902.649632,events/second
1779784091,369098752,699173.897002,560423.104411,3986181.090122,11523902.649632,events/second
1779784092,369098752,697850.359574,560423.104411,3986181.090122,11523902.649632,events/second
1779784093,369098752,696531.731235,560423.104411,3986181.090122,11523902.649632,events/second
1779784094,369098752,695217.668287,515614.147043,3920295.311898,11460058.477376,events/second
1779784095,369098752,693908.917183,515614.147043,3920295.311898,11460058.477376,events/second
1779784096,369098752,692604.886461,515614.147043,3920295.311898,11460058.477376,events/second
1779784097,369098752,691306.010854,515614.147043,3920295.311898,11460058.477376,events/second
1779784098,369098752,690011.746424,515614.147043,3920295.311898,11460058.477376,events/second
1779784099,369098752,688722.429833,474387.916091,3855498.529803,11396568.011538,events/second
1779784100,369098752,687438.063570,474387.916091,3855498.529803,11396568.011538,events/second
1779784101,369098752,686158.476624,474387.916091,3855498.529803,11396568.011538,events/second
1779784102,369098752,684883.126050,474387.916091,3855498.529803,11396568.011538,events/second
1779784103,369098752,683612.892526,474387.916091,3855498.529803,11396568.011538,events/second
1779784104,369098752,682347.539154,436457.952567,3791772.744312,11333429.292532,events/second
1779784105,369098752,681086.920548,436457.952567,3791772.744312,11333429.292532,events/second
1779784106,369098752,679830.346209,436457.952567,3791772.744312,11333429.292532,events/second
1779784107,369098752,678578.979531,436457.952567,3791772.744312,11333429.292532,events/second
1779784108,369098752,677331.965841,436457.952567,3791772.744312,11333429.292532,events/second
1779784109,369098752,676089.358828,401560.701480,3729100.253410,11270640.371626,events/second
1779784110,369098752,674851.423153,401560.701480,3729100.253410,11270640.371626,events/second
1779784111,369098752,673618.254849,401560.701480,3729100.253410,11270640.371626,events/second
1779784112,369098752,672389.035560,401560.701480,3729100.253410,11270640.371626,events/second
1779784113,369098752,671164.764830,401560.701480,3729100.253410,11270640.371626,events/second
1779784114,369098752,669944.860883,369453.680531,3667463.647668,11208199.310885,events/second
1779784115,369098752,668728.549369,369453.680531,3667463.647668,11208199.310885,events/second
1779784116,369098752,667517.392141,369453.680531,3667463.647668,11208199.310885,events/second
1779784117,369098752,666310.744675,369453.680531,3667463.647668,11208199.310885,events/second
1779784118,369098752,665108.270163,369453.680531,3667463.647668,11208199.310885,events/second
1779784119,369098752,663910.361948,339913.795237,3606845.805410,11146104.183111,events/second
1779784120,369098752,662716.774929,339913.795237,3606845.805410,11146104.183111,events/second
1779784121,369098752,661527.413883,339913.795237,3606845.805410,11146104.183111,events/second
1779784122,369098752,660342.241131,339913.795237,3606845.805410,11146104.183111,events/second
1779784123,369098752,659161.400669,339913.795237,3606845.805410,11146104.183111,events/second
1779784124,369098752,657984.360960,312735.788763,3547229.887957,11084353.071783,events/second
1779784125,369098752,656812.145413,312735.788763,3547229.887957,11084353.071783,events/second
1779784126,369098752,655643.610245,312735.788763,3547229.887957,11084353.071783,events/second
1779784127,369098752,654479.307786,312735.788763,3547229.887957,11084353.071783,events/second
1779784128,369098752,653319.422877,312735.788763,3547229.887957,11084353.071783,events/second
1779784129,369098752,652163.031098,287730.815706,3488599.334948,11022944.070998,events/second
1779784130,369098752,651010.456317,287730.815706,3488599.334948,11022944.070998,events/second
1779784131,369098752,649862.409579,287730.815706,3488599.334948,11022944.070998,events/second
1779784132,369098752,648717.781104,287730.815706,3488599.334948,11022944.070998,events/second
1779784133,369098752,647577.827639,287730.815706,3488599.334948,11022944.070998,events/second
1779784134,369098752,646442.162003,264725.129907,3430937.859743,10961875.285411,events/second
1779784135,369098752,645310.438301,264725.129907,3430937.859743,10961875.285411,events/second
1779784136,369098752,644182.442260,264725.129907,3430937.859743,10961875.285411,events/second
1779784137,369098752,643058.802547,264725.129907,3430937.859743,10961875.285411,events/second
1779784138,369098752,641939.093903,264725.129907,3430937.859743,10961875.285411,events/second
1779784139,369098752,640822.783270,243558.877183,3374229.444893,10901144.830179,events/second
1779784140,369098752,639710.370978,243558.877183,3374229.444893,10901144.830179,events/second
1779784141,369098752,638602.159330,243558.877183,3374229.444893,10901144.830179,events/second
1779784142,369098752,637497.747679,243558.877183,3374229.444893,10901144.830179,events/second
1779784143,369098752,636397.014404,243558.877183,3374229.444893,10901144.830179,events/second
1779784144,369098752,635300.139989,224084.984586,3318458.337696,10840750.830899,events/second
1779784145,369098752,634207.068312,224084.984586,3318458.337696,10840750.830899,events/second
1779784146,369098752,633117.384372,224084.984586,3318458.337696,10840750.830899,events/second
1779784147,369098752,632030.908781,224084.984586,3318458.337696,10840750.830899,events/second
1779784148,369098752,630949.062947,224084.984586,3318458.337696,10840750.830899,events/second
1779784149,369098752,629870.791627,206168.138470,3263609.045821,10780691.423555,events/second
1779784150,369098752,628796.028126,206168.138470,3263609.045821,10780691.423555,events/second
1779784151,369098752,627725.344459,206168.138470,3263609.045821,10780691.423555,events/second
1779784152,369098752,626658.286649,206168.138470,3263609.045821,10780691.423555,events/second
1779784153,369098752,625594.471016,206168.138470,3263609.045821,10780691.423555,events/second
1779784154,369098752,624534.292173,189683.844274,3209666.332999,10720964.754456,events/second
1779784155,369098752,623477.893540,189683.844274,3209666.332999,10720964.754456,events/second
1779784156,369098752,622425.139054,189683.844274,3209666.332999,10720964.754456,events/second
1779784157,369098752,621375.804136,189683.844274,3209666.332999,10720964.754456,events/second
1779784158,369098752,620329.890141,174517.561470,3156615.214796,10661568.980182,events/second
1779784159,369098752,619287.620568,174517.561470,3156615.214796,10661568.980182,events/second
1779784160,369098752,618248.992859,174517.561470,3156615.214796,10661568.980182,events/second
1779784161,369098752,617213.619218,174517.561470,3156615.214796,10661568.980182,events/second
1779784162,369098752,616181.064559,174517.561470,3156615.214796,10661568.980182,events/second
1779784163,369098752,615152.490287,160563.907685,3104440.954451,10602502.267526,events/second
1779784164,369098752,614127.545625,160563.907685,3104440.954451,10602502.267526,events/second
1779784165,369098752,613106.091629,160563.907685,3104440.954451,10602502.267526,events/second
1779784166,369098752,612088.136600,160563.907685,3104440.954451,10602502.267526,events/second
1779784167,369098752,611073.254832,160563.907685,3104440.954451,10602502.267526,events/second
1779784168,369098752,610061.491591,147725.926457,3053129.058778,10543762.793435,events/second
1779784169,369098752,609053.381617,147725.926457,3053129.058778,10543762.793435,events/second
1779784170,369098752,608048.709332,147725.926457,3053129.058778,10543762.793435,events/second
1779784171,369098752,607047.513179,147725.926457,3053129.058778,10543762.793435,events/second
1779784172,369098752,606049.388257,147725.926457,3053129.058778,10543762.793435,events/second
1779784173,369098752,605054.402088,135914.413532,3002665.274141,10485348.744959,events/second
1779784174,369098752,604062.793822,135914.413532,3002665.274141,10485348.744959,events/second
1779784175,369098752,603074.343819,135914.413532,3002665.274141,10485348.744959,events/second
1779784176,369098752,602089.236394,135914.413532,3002665.274141,10485348.744959,events/second
1779784177,369098752,601107.467241,135914.413532,3002665.274141,10485348.744959,events/second
1779784178,369098752,600128.633833,125047.297038,2953035.582499,10427258.319190,events/second
1779784179,369098752,599153.259365,125047.297038,2953035.582499,10427258.319190,events/second
1779784180,369098752,598181.105645,125047.297038,2953035.582499,10427258.319190,events/second
1779784181,369098752,597211.996710,125047.297038,2953035.582499,10427258.319190,events/second
1779784182,369098752,596245.713069,125047.297038,2953035.582499,10427258.319190,events/second
1779784183,369098752,595282.897013,115049.067204,2904226.197507,10369489.723210,events/second
1779784184,369098752,594322.699618,115049.067204,2904226.197507,10369489.723210,events/second
1779784185,436207616,701250.504500,115049.067204,2904226.197507,10369489.723210,events/second
1779784186,436207616,700122.708229,115049.067204,2904226.197507,10369489.723210,events/second
1779784187,436207616,698999.233511,115049.067204,2904226.197507,10369489.723210,events/second
1779784188,436207616,697879.158077,1178995.952626,3078065.952210,10386399.835387,events/second
1779784189,436207616,696762.677884,1178995.952626,3078065.952210,10386399.835387,events/second
1779784190,436207616,695649.985079,1178995.952626,3078065.952210,10386399.835387,events/second
1779784191,436207616,694540.079841,1178995.952626,3078065.952210,10386399.835387,events/second
1779784192,436207616,693434.408283,1178995.952626,3078065.952210,10386399.835387,events/second
1779784193,436207616,692332.214257,1084728.641084,3027189.996979,10328857.601617,events/second
1779784194,436207616,691233.478200,1084728.641084,3027189.996979,10328857.601617,events/second
1779784195,436207616,690138.408769,1084728.641084,3027189.996979,10328857.601617,events/second
1779784196,436207616,689046.768529,1084728.641084,3027189.996979,10328857.601617,events/second
1779784197,436207616,687958.577909,1084728.641084,3027189.996979,10328857.601617,events/second
1779784198,436207616,686873.587557,997998.527618,2977154.947323,10271634.160569,events/second
1779784199,436207616,685792.376372,997998.527618,2977154.947323,10271634.160569,events/second
1779784200,436207616,684714.268511,997998.527618,2977154.947323,10271634.160569,events/second
1779784201,436207616,683639.611777,997998.527618,2977154.947323,10271634.160569,events/second
1779784202,436207616,682568.289520,997998.527618,2977154.947323,10271634.160569,events/second
1779784203,436207616,681499.634433,918202.971143,2927946.904296,10214727.746081,events/second
1779784204,436207616,680434.819125,918202.971143,2927946.904296,10214727.746081,events/second
1779784205,436207616,679372.706504,918202.971143,2927946.904296,10214727.746081,events/second
1779784206,436207616,678314.653855,918202.971143,2927946.904296,10214727.746081,events/second
1779784207,436207616,677260.155791,918202.971143,2927946.904296,10214727.746081,events/second
1779784208,436207616,676208.883335,844787.515096,2879552.198680,10158136.601779,events/second
1779784209,436207616,675160.732146,844787.515096,2879552.198680,10158136.601779,events/second
1779784210,436207616,674115.997278,844787.515096,2879552.198680,10158136.601779,events/second
1779784211,436207616,673074.605819,844787.515096,2879552.198680,10158136.601779,events/second
1779784212,436207616,672036.118444,844787.515096,2879552.198680,10158136.601779,events/second
1779784213,436207616,671000.791478,777242.034813,2831957.387191,10101858.981018,events/second
1779784214,436207616,669968.600820,777242.034813,2831957.387191,10101858.981018,events/second
1779784215,436207616,668939.620933,777242.034813,2831957.387191,10101858.981018,events/second
1779784216,436207616,667914.060049,777242.034813,2831957.387191,10101858.981018,events/second
1779784217,436207616,666891.598051,777242.034813,2831957.387191,10101858.981018,events/second
1779784218,436207616,665872.107341,715097.192945,2785149.248742,10045893.146830,events/second
1779784219,436207616,664856.029387,715097.192945,2785149.248742,10045893.146830,events/second
1779784220,436207616,663843.099925,715097.192945,2785149.248742,10045893.146830,events/second
1779784221,436207616,662833.324850,715097.192945,2785149.248742,10045893.146830,events/second
1779784222,436207616,661826.472983,715097.192945,2785149.248742,10045893.146830,events/second
1779784223,436207616,660822.469529,657921.178286,2739114.780771,9990237.371870,events/second
1779784224,436207616,659821.410633,657921.178286,2739114.780771,9990237.371870,events/second
1779784225,436207616,658823.191014,657921.178286,2739114.780771,9990237.371870,events/second
1779784226,436207616,657828.489671,657921.178286,2739114.780771,9990237.371870,events/second
1779784227,436207616,656836.717171,657921.178286,2739114.780771,9990237.371870,events/second
1779784228,436207616,655847.673850,605316.705348,2693841.195629,9934889.938363,events/second
1779784229,436207616,654861.831256,605316.705348,2693841.195629,9934889.938363,events/second
1779784230,436207616,653878.961644,605316.705348,2693841.195629,9934889.938363,events/second
1779784231,436207616,652898.643718,605316.705348,2693841.195629,9934889.938363,events/second
1779784232,436207616,651921.598232,605316.705348,2693841.195629,9934889.938363,events/second
1779784233,436207616,650947.246281,556918.253838,2649315.917030,9879849.138050,events/second
1779784234,436207616,649976.062717,556918.253838,2649315.917030,9879849.138050,events/second
1779784235,436207616,649007.703745,556918.253838,2649315.917030,9879849.138050,events/second
1779784236,436207616,648042.054668,556918.253838,2649315.917030,9879849.138050,events/second
1779784237,436207616,647079.472594,556918.253838,2649315.917030,9879849.138050,events/second
1779784238,436207616,646119.744003,512389.528848,2605526.576554,9825113.272136,events/second
1779784239,436207616,645162.727961,512389.528848,2605526.576554,9825113.272136,events/second
1779784240,436207616,644208.829406,512389.528848,2605526.576554,9825113.272136,events/second
1779784241,436207616,643257.258999,512389.528848,2605526.576554,9825113.272136,events/second
1779784242,436207616,642308.832038,512389.528848,2605526.576554,9825113.272136,events/second
1779784243,436207616,641363.054180,471421.124131,2562461.010214,9770680.651240,events/second
1779784244,436207616,640420.272765,471421.124131,2562461.010214,9770680.651240,events/second
1779784245,436207616,639480.337547,471421.124131,2562461.010214,9770680.651240,events/second
1779784246,436207616,638542.702362,471421.124131,2562461.010214,9770680.651240,events/second
1779784247,436207616,637608.001622,471421.124131,2562461.010214,9770680.651240,events/second
1779784248,436207616,636676.262911,433728.372195,2520107.255077,9716549.595336,events/second
1779784249,436207616,635747.011023,433728.372195,2520107.255077,9716549.595336,events/second
1779784250,436207616,634820.350915,433728.372195,2520107.255077,9716549.595336,events/second
1779784251,436207616,633896.575149,433728.372195,2520107.255077,9716549.595336,events/second
1779784252,436207616,632975.489613,433728.372195,2520107.255077,9716549.595336,events/second
1779784253,436207616,632056.864797,399049.366305,2478453.545937,9662718.433710,events/second
1779784254,436207616,631141.200301,399049.366305,2478453.545937,9662718.433710,events/second
1779784255,436207616,630228.182439,399049.366305,2478453.545937,9662718.433710,events/second
1779784256,436207616,629317.719699,399049.366305,2478453.545937,9662718.433710,events/second
1779784257,436207616,628409.773748,399049.366305,2478453.545937,9662718.433710,events/second
1779784258,436207616,627503.794275,367143.140630,2437488.312052,9609185.504901,events/second
1779784259,436207616,626601.054234,367143.140630,2437488.312052,9609185.504901,events/second
1779784260,436207616,625700.956549,367143.140630,2437488.312052,9609185.504901,events/second
1779784261,436207616,624803.387097,367143.140630,2437488.312052,9609185.504901,events/second
1779784262,436207616,623908.566881,367143.140630,2437488.312052,9609185.504901,events/second
1779784263,436207616,623015.504128,337787.995906,2397200.173927,9555949.156655,events/second
1779784264,436207616,622125.491628,337787.995906,2397200.173927,9555949.156655,events/second
1779784265,436207616,621238.139517,337787.995906,2397200.173927,9555949.156655,events/second
1779784266,436207616,620352.878366,337787.995906,2397200.173927,9555949.156655,events/second
1779784267,436207616,619470.794347,337787.995906,2397200.173927,9555949.156655,events/second
1779784268,436207616,618590.844977,310779.958962,2357577.940153,9503007.745870,events/second
1779784269,436207616,617713.816583,310779.958962,2357577.940153,9503007.745870,events/second
1779784270,436207616,616839.050826,310779.958962,2357577.940153,9503007.745870,events/second
1779784271,436207616,615966.595387,310779.958962,2357577.940153,9503007.745870,events/second
1779784272,436207616,615096.714732,310779.958962,2357577.940153,9503007.745870,events/second
1779784273,436207616,614229.448116,285931.365422,2318610.604300,9450359.638547,events/second
1779784274,436207616,613364.690345,285931.365422,2318610.604300,9450359.638547,events/second
1779784275,436207616,612502.176559,285931.365422,2318610.604300,9450359.638547,events/second
1779784276,436207616,611642.131077,285931.365422,2318610.604300,9450359.638547,events/second
1779784277,436207616,610784.568561,285931.365422,2318610.604300,9450359.638547,events/second
1779784278,436207616,609929.317871,263069.555724,2280287.341857,9398003.209741,events/second
1779784279,436207616,609076.652032,263069.555724,2280287.341857,9398003.209741,events/second
1779784280,436207616,608226.380509,263069.555724,2280287.341857,9398003.209741,events/second
1779784281,436207616,607377.999978,263069.555724,2280287.341857,9398003.209741,events/second
1779784282,436207616,606532.200159,263069.555724,2280287.341857,9398003.209741,events/second
1779784283,436207616,605688.394469,242035.675403,2242597.507227,9345936.843509,events/second
1779784284,436207616,604847.092730,242035.675403,2242597.507227,9345936.843509,events/second
1779784285,436207616,604008.354376,242035.675403,2242597.507227,9345936.843509,events/second
1779784286,436207616,603172.146694,242035.675403,2242597.507227,9345936.843509,events/second
1779784287,436207616,602337.939339,242035.675403,2242597.507227,9345936.843509,events/second
1779784288,436207616,601506.381838,222683.571295,2205530.630770,9294158.932859,events/second
1779784289,436207616,600676.753681,222683.571295,2205530.630770,9294158.932859,events/second
1779784290,436207616,599849.619806,222683.571295,2205530.630770,9294158.932859,events/second
1779784291,436207616,599024.702071,222683.571295,2205530.630770,9294158.932859,events/second
1779784292,436207616,598202.070534,222683.571295,2205530.630770,9294158.932859,events/second
1779784293,436207616,597381.826008,204878.776000,2169076.415891,9242667.879704,events/second
1779784294,436207616,596563.562560,204878.776000,2169076.415891,9242667.879704,events/second
1779784295,436207616,595747.696562,204878.776000,2169076.415891,9242667.879704,events/second
1779784296,436207616,594934.044419,204878.776000,2169076.415891,9242667.879704,events/second
1779784297,436207616,594122.429953,204878.776000,2169076.415891,9242667.879704,events/second
1779784298,436207616,593312.759279,188497.573535,2133224.736187,9191462.094810,events/second
1779784299,436207616,592505.759107,188497.573535,2133224.736187,9191462.094810,events/second
1779784300,436207616,591700.837484,188497.573535,2133224.736187,9191462.094810,events/second
1779784301,436207616,590898.092284,188497.573535,2133224.736187,9191462.094810,events/second
1779784302,436207616,590097.772633,188497.573535,2133224.736187,9191462.094810,events/second
1779784303,436207616,589299.480529,173426.139702,2097965.632626,9140539.997748,events/second
1779784304,436207616,588503.249417,173426.139702,2097965.632626,9140539.997748,events/second
1779784305,436207616,587709.120305,173426.139702,2097965.632626,9140539.997748,events/second
1779784306,436207616,586917.217792,173426.139702,2097965.632626,9140539.997748,events/second
1779784307,436207616,586127.440105,173426.139702,2097965.632626,9140539.997748,events/second
1779784308,436207616,585339.885181,159559.751183,2063289.310786,9089900.016843,events/second
1779784309,436207616,584554.275468,159559.751183,2063289.310786,9089900.016843,events/second
1779784310,436207616,583770.513214,159559.751183,2063289.310786,9089900.016843,events/second
1779784311,436207616,582989.046654,159559.751183,2063289.310786,9089900.016843,events/second
1779784312,436207616,582210.051483,159559.751183,2063289.310786,9089900.016843,events/second
1779784313,436207616,581432.713625,146802.057876,2029186.138133,9039540.589129,events/second
1779784314,436207616,580657.460394,146802.057876,2029186.138133,9039540.589129,events/second
1779784315,436207616,579884.447506,146802.057876,2029186.138133,9039540.589129,events/second
1779784316,436207616,579113.646865,146802.057876,2029186.138133,9039540.589129,events/second
1779784317,436207616,578344.859970,146802.057876,2029186.138133,9039540.589129,events/second
1779784318,436207616,577577.863986,135064.413405,1995646.641345,8989460.160300,events/second
1779784319,436207616,576813.156980,135064.413405,1995646.641345,8989460.160300,events/second
1779784320,436207616,576050.388731,135064.413405,1995646.641345,8989460.160300,events/second
1779784321,436207616,575289.541891,135064.413405,1995646.641345,8989460.160300,events/second
1779784322,436207616,574530.750119,135064.413405,1995646.641345,8989460.160300,events/second
1779784323,436207616,573773.408837,124265.259168,1962661.503678,8939657.184658,events/second
1779784324,436207616,573018.581763,124265.259168,1962661.503678,8939657.184658,events/second
1779784325,436207616,572265.776124,124265.259168,1962661.503678,8939657.184658,events/second
1779784326,436207616,571514.982136,124265.259168,1962661.503678,8939657.184658,events/second
1779784327,436207616,570763.187222,124265.259168,1962661.503678,8939657.184658,events/second
1779784328,503316480,657711.060544,1187475.258567,2152063.953902,8964488.786426,events/second
1779784329,503316480,656851.396054,1187475.258567,2152063.953902,8964488.786426,events/second
1779784330,503316480,655994.226573,1187475.258567,2152063.953902,8964488.786426,events/second
1779784331,503316480,655139.244777,1187475.258567,2152063.953902,8964488.786426,events/second
1779784332,503316480,654286.436237,1187475.258567,2152063.953902,8964488.786426,events/second
1779784333,503316480,653435.698743,1092529.979155,2116493.465461,8914824.155991,events/second
1779784334,503316480,652587.262355,1092529.979155,2116493.465461,8914824.155991,events/second
1779784335,503316480,651741.174221,1092529.979155,2116493.465461,8914824.155991,events/second
1779784336,503316480,650897.298465,1092529.979155,2116493.465461,8914824.155991,events/second
1779784337,503316480,650055.306974,1092529.979155,2116493.465461,8914824.155991,events/second
1779784338,503316480,649215.683949,1005176.105136,2081510.905481,8865434.675157,events/second
1779784339,503316480,648378.065220,1005176.105136,2081510.905481,8865434.675157,events/second
1779784340,503316480,647542.950451,1005176.105136,2081510.905481,8865434.675157,events/second
1779784341,503316480,646709.562057,1005176.105136,2081510.905481,8865434.675157,events/second
1779784342,503316480,645878.560580,1005176.105136,2081510.905481,8865434.675157,events/second
1779784343,503316480,645049.623850,924806.661250,2047106.556359,8816318.819554,events/second
1779784344,503316480,644222.266816,924806.661250,2047106.556359,8816318.819554,events/second
1779784345,503316480,643397.421968,924806.661250,2047106.556359,8816318.819554,events/second
1779784346,503316480,642574.921440,924806.661250,2047106.556359,8816318.819554,events/second
1779784347,503316480,641754.651381,924806.661250,2047106.556359,8816318.819554,events/second
1779784348,503316480,640936.084187,850863.203295,2013270.861110,8767475.073257,events/second
1779784349,503316480,640119.690887,850863.203295,2013270.861110,8767475.073257,events/second
1779784350,503316480,639305.710495,850863.203295,2013270.861110,8767475.073257,events/second
1779784351,503316480,638493.632928,850863.203295,2013270.861110,8767475.073257,events/second
1779784352,503316480,637683.615235,850863.203295,2013270.861110,8767475.073257,events/second
1779784353,503316480,636875.504517,782831.937805,1979994.420713,8718901.928738,events/second
1779784354,503316480,636069.521035,782831.937805,1979994.420713,8718901.928738,events/second
1779784355,503316480,635265.419210,782831.937805,1979994.420713,8718901.928738,events/second
1779784356,503316480,634463.398774,782831.937805,1979994.420713,8718901.928738,events/second
1779784357,503316480,633663.640936,782831.937805,1979994.420713,8718901.928738,events/second
1779784358,503316480,632865.640325,720240.151971,1947267.991497,8670597.886822,events/second
1779784359,503316480,632069.833431,720240.151971,1947267.991497,8670597.886822,events/second
1779784360,503316480,631275.914164,720240.151971,1947267.991497,8670597.886822,events/second
1779784361,503316480,630483.565894,720240.151971,1947267.991497,8670597.886822,events/second
1779784362,503316480,629693.496937,720240.151971,1947267.991497,8670597.886822,events/second
1779784363,503316480,628905.684579,662652.929013,1915082.482578,8622561.456641,events/second
1779784364,503316480,628119.689905,662652.929013,1915082.482578,8622561.456641,events/second
1779784365,503316480,627335.515271,662652.929013,1915082.482578,8622561.456641,events/second
1779784366,503316480,626553.051370,662652.929013,1915082.482578,8622561.456641,events/second
1779784367,503316480,625772.860084,662652.929013,1915082.482578,8622561.456641,events/second
1779784368,503316480,624994.872421,609670.126176,1883428.953329,8574791.155584,events/second
1779784369,503316480,624218.382834,609670.126176,1883428.953329,8574791.155584,events/second
1779784370,503316480,623444.038091,609670.126176,1883428.953329,8574791.155584,events/second
1779784371,503316480,622671.743876,609670.126176,1883428.953329,8574791.155584,events/second
1779784372,503316480,621901.078248,609670.126176,1883428.953329,8574791.155584,events/second
1779784373,503316480,621132.259499,560923.594354,1852298.610900,8527285.509255,events/second
1779784374,503316480,620365.510765,560923.594354,1852298.610900,8527285.509255,events/second
1779784375,503316480,619600.577607,560923.594354,1852298.610900,8527285.509255,events/second
1779784376,503316480,618837.757842,560923.594354,1852298.610900,8527285.509255,events/second
1779784377,503316480,618076.179605,560923.594354,1852298.610900,8527285.509255,events/second
1779784378,503316480,617316.898903,516074.620019,1821682.807774,8480043.051429,events/second
1779784379,503316480,616559.538029,516074.620019,1821682.807774,8480043.051429,events/second
1779784380,503316480,615804.269850,516074.620019,1821682.807774,8480043.051429,events/second
1779784381,503316480,615050.664674,516074.620019,1821682.807774,8480043.051429,events/second
1779784382,503316480,614298.873264,516074.620019,1821682.807774,8480043.051429,events/second
1779784383,503316480,613549.033695,474811.571681,1791573.039363,8433062.323999,events/second
1779784384,503316480,612801.003093,474811.571681,1791573.039363,8433062.323999,events/second
1779784385,503316480,612054.740915,474811.571681,1791573.039363,8433062.323999,events/second
1779784386,503316480,611310.353915,474811.571681,1791573.039363,8433062.323999,events/second
1779784387,503316480,610567.790321,474811.571681,1791573.039363,8433062.323999,events/second
1779784388,503316480,609827.008870,436847.734526,1761960.941650,8386341.876939,events/second
1779784389,503316480,609088.203003,436847.734526,1761960.941650,8386341.876939,events/second
1779784390,503316480,608350.866224,436847.734526,1761960.941650,8386341.876939,events/second
1779784391,503316480,607615.410774,436847.734526,1761960.941650,8386341.876939,events/second
1779784392,503316480,606881.744908,436847.734526,1761960.941650,8386341.876939,events/second
1779784393,503316480,606149.778364,401919.318194,1732838.288862,8339880.268258,events/second
1779784394,503316480,605419.681909,401919.318194,1732838.288862,8339880.268258,events/second
1779784395,503316480,604691.272681,401919.318194,1732838.288862,8339880.268258,events/second
1779784396,503316480,603964.783483,401919.318194,1732838.288862,8339880.268258,events/second
1779784397,503316480,603239.736557,401919.318194,1732838.288862,8339880.268258,events/second
1779784398,503316480,602516.553065,369783.623836,1704196.991185,8293676.063951,events/second
1779784399,503316480,601795.269249,369783.623836,1704196.991185,8293676.063951,events/second
1779784400,503316480,601075.842300,369783.623836,1704196.991185,8293676.063951,events/second
1779784401,503316480,600357.643676,369783.623836,1704196.991185,8293676.063951,events/second
1779784402,503316480,599641.345768,369783.623836,1704196.991185,8293676.063951,events/second
1779784403,503316480,598926.743668,340217.357732,1676029.092519,8247727.837959,events/second
1779784404,503316480,598213.458896,340217.357732,1676029.092519,8247727.837959,events/second
1779784405,503316480,597502.196724,340217.357732,1676029.092519,8247727.837959,events/second
1779784406,503316480,596792.796664,340217.357732,1676029.092519,8247727.837959,events/second
1779784407,503316480,596085.124694,340217.357732,1676029.092519,8247727.837959,events/second
1779784408,503316480,595378.822874,313015.079741,1648326.768267,8202034.172122,events/second
1779784409,503316480,594674.400466,313015.079741,1648326.768267,8202034.172122,events/second
1779784410,503316480,593971.759967,313015.079741,1648326.768267,8202034.172122,events/second
1779784411,503316480,593270.528087,313015.079741,1648326.768267,8202034.172122,events/second
1779784412,503316480,592571.263347,313015.079741,1648326.768267,8202034.172122,events/second
1779784413,503316480,591873.317694,287987.775811,1621082.323160,8156593.656140,events/second
1779784414,503316480,591177.005239,287987.775811,1621082.323160,8156593.656140,events/second
1779784415,503316480,590482.586010,287987.775811,1621082.323160,8156593.656140,events/second
1779784416,503316480,589789.636109,287987.775811,1621082.323160,8156593.656140,events/second
1779784417,503316480,589098.010918,287987.775811,1621082.323160,8156593.656140,events/second
1779784418,503316480,588408.141426,264961.544616,1594288.189123,8111404.887522,events/second
1779784419,503316480,587720.101597,264961.544616,1594288.189123,8111404.887522,events/second
1779784420,503316480,587033.719348,264961.544616,1594288.189123,8111404.887522,events/second
1779784421,503316480,586348.853693,264961.544616,1594288.189123,8111404.887522,events/second
1779784422,503316480,585665.602931,264961.544616,1594288.189123,8111404.887522,events/second
1779784423,503316480,584983.935097,243776.389216,1567936.923167,8066466.471552,events/second
1779784424,503316480,584303.864628,243776.389216,1567936.923167,8066466.471552,events/second
1779784425,503316480,583624.893289,243776.389216,1567936.923167,8066466.471552,events/second
1779784426,503316480,582948.072783,243776.389216,1567936.923167,8066466.471552,events/second
1779784427,503316480,582272.566256,243776.389216,1567936.923167,8066466.471552,events/second
1779784428,503316480,581598.714648,224285.105316,1542021.205328,8021777.021236,events/second
1779784429,503316480,580926.435950,224285.105316,1542021.205328,8021777.021236,events/second
1779784430,503316480,580255.902016,224285.105316,1542021.205328,8021777.021236,events/second
1779784431,503316480,579586.884415,224285.105316,1542021.205328,8021777.021236,events/second
1779784432,503316480,578919.223491,224285.105316,1542021.205328,8021777.021236,events/second
1779784433,503316480,578253.287684,206352.258431,1516533.836628,7977335.157267,events/second
1779784434,503316480,577588.731338,206352.258431,1516533.836628,7977335.157267,events/second
1779784435,503316480,576926.013175,206352.258431,1516533.836628,7977335.157267,events/second
1779784436,503316480,576264.391954,206352.258431,1516533.836628,7977335.157267,events/second
1779784437,503316480,575604.359893,206352.258431,1516533.836628,7977335.157267,events/second
1779784438,503316480,574945.835566,189853.242816,1491467.737078,7933139.507980,events/second
1779784439,503316480,574288.888257,189853.242816,1491467.737078,7933139.507980,events/second
1779784440,503316480,573633.073674,189853.242816,1491467.737078,7933139.507980,events/second
1779784441,503316480,572978.963654,189853.242816,1491467.737078,7933139.507980,events/second
1779784442,503316480,572326.466879,189853.242816,1491467.737078,7933139.507980,events/second
1779784443,503316480,571675.503072,174673.415652,1466815.943712,7889188.709308,events/second
1779784444,503316480,571026.019586,174673.415652,1466815.943712,7889188.709308,events/second
1779784445,503316480,570378.175957,174673.415652,1466815.943712,7889188.709308,events/second
1779784446,503316480,569731.517974,174673.415652,1466815.943712,7889188.709308,events/second
1779784447,503316480,569086.495305,174673.415652,1466815.943712,7889188.709308,events/second
1779784448,503316480,568442.824906,160707.300455,1442571.608651,7845481.404740,events/second
1779784449,503316480,567800.607434,160707.300455,1442571.608651,7845481.404740,events/second
1779784450,503316480,567159.908100,160707.300455,1442571.608651,7845481.404740,events/second
1779784451,503316480,566520.587624,160707.300455,1442571.608651,7845481.404740,events/second
1779784452,503316480,565882.775467,160707.300455,1442571.608651,7845481.404740,events/second
1779784453,503316480,565246.378106,147857.854173,1418727.997202,7802016.245283,events/second
1779784454,503316480,564611.526468,147857.854173,1418727.997202,7802016.245283,events/second
1779784455,503316480,563977.924582,147857.854173,1418727.997202,7802016.245283,events/second
1779784456,503316480,563345.783975,147857.854173,1418727.997202,7802016.245283,events/second
1779784457,503316480,562715.070044,147857.854173,1418727.997202,7802016.245283,events/second
1779784458,503316480,562085.459856,136035.792891,1395278.485986,7758791.889416,events/second
1779784459,503316480,561457.319294,136035.792891,1395278.485986,7758791.889416,events/second
1779784460,503316480,560830.345439,136035.792891,1395278.485986,7758791.889416,events/second
1779784461,503316480,560205.153951,136035.792891,1395278.485986,7758791.889416,events/second
1779784462,503316480,559581.385607,136035.792891,1395278.485986,7758791.889416,events/second
1779784463,503316480,558958.896617,125158.971439,1372216.561098,7715807.003050,events/second
1779784464,503316480,558337.653399,125158.971439,1372216.561098,7715807.003050,events/second
1779784465,503316480,557718.206437,125158.971439,1372216.561098,7715807.003050,events/second
1779784466,503316480,557100.099310,125158.971439,1372216.561098,7715807.003050,events/second
1779784467,503316480,556483.278099,125158.971439,1372216.561098,7715807.003050,events/second
1779784468,503316480,555867.697383,115151.812613,1349535.816302,7673060.259488,events/second
1779784469,570425344,629287.347249,115151.812613,1349535.816302,7673060.259488,events/second
1779784470,570425344,628592.908203,115151.812613,1349535.816302,7673060.259488,events/second
1779784471,570425344,627900.110670,115151.812613,1349535.816302,7673060.259488,events/second
1779784472,570425344,627208.863803,115151.812613,1349535.816302,7673060.259488,events/second
1779784473,570425344,626518.817269,1179090.482966,1549072.342763,7704909.000739,events/second
1779784474,570425344,625830.356364,1179090.482966,1549072.342763,7704909.000739,events/second
1779784475,570425344,625143.170991,1179090.482966,1549072.342763,7704909.000739,events/second
1779784476,570425344,624457.738163,1179090.482966,1549072.342763,7704909.000739,events/second
1779784477,570425344,623773.901863,1179090.482966,1549072.342763,7704909.000739,events/second
1779784478,570425344,623091.523893,1084815.613195,1523468.429012,7662222.633766,events/second
1779784479,570425344,622410.785043,1084815.613195,1523468.429012,7662222.633766,events/second
1779784480,570425344,621731.387040,1084815.613195,1523468.429012,7662222.633766,events/second
1779784481,570425344,621053.492460,1084815.613195,1523468.429012,7662222.633766,events/second
1779784482,570425344,620376.745908,1084815.613195,1523468.429012,7662222.633766,events/second
1779784483,570425344,619701.787158,998078.545823,1498287.710732,7619772.755755,events/second
1779784484,570425344,619028.377284,998078.545823,1498287.710732,7619772.755755,events/second
1779784485,570425344,618356.247973,998078.545823,1498287.710732,7619772.755755,events/second
1779784486,570425344,617685.699065,998078.545823,1498287.710732,7619772.755755,events/second
1779784487,570425344,617016.657117,998078.545823,1498287.710732,7619772.755755,events/second
1779784488,570425344,616349.159449,918276.591446,1473523.193116,7577558.056520,events/second
1779784489,570425344,615682.831457,918276.591446,1473523.193116,7577558.056520,events/second
1779784490,570425344,615017.638745,918276.591446,1473523.193116,7577558.056520,events/second
1779784491,570425344,614354.144070,918276.591446,1473523.193116,7577558.056520,events/second
1779784492,570425344,613692.236981,918276.591446,1473523.193116,7577558.056520,events/second
1779784493,570425344,613031.894501,844855.249045,1449167.996974,7535577.233135,events/second
1779784494,570425344,612372.896179,844855.249045,1449167.996974,7535577.233135,events/second
1779784495,570425344,611715.346802,844855.249045,1449167.996974,7535577.233135,events/second
1779784496,570425344,611058.968136,844855.249045,1449167.996974,7535577.233135,events/second
