t,count,max,mean,min,stddev,p50,p75,p95,p98,p99,p999,mean_rate,m1_rate,m5_rate,m15_rate,rate_unit,duration_unit
1778144897,2,3.000000,1.500000,0.000000,1.500000,3.000000,3.000000,3.000000,3.000000,3.000000,3.000000,3.551423,0.000000,0.000000,0.000000,calls/second,milliseconds
1778144898,2,3.000000,1.500000,0.000000,1.500000,3.000000,3.000000,3.000000,3.000000,3.000000,3.000000,1.276097,0.000000,0.000000,0.000000,calls/second,milliseconds
1778144899,2,3.000000,1.500000,0.000000,1.500000,3.000000,3.000000,3.000000,3.000000,3.000000,3.000000,0.777889,0.000000,0.000000,0.000000,calls/second,milliseconds
1778144900,2,3.000000,1.500000,0.000000,1.500000,3.000000,3.000000,3.000000,3.000000,3.000000,3.000000,0.559475,0.000000,0.000000,0.000000,calls/second,milliseconds
1778144901,2,3.000000,1.500000,0.000000,1.500000,3.000000,3.000000,3.000000,3.000000,3.000000,3.000000,0.436789,0.000000,0.000000,0.000000,calls/second,milliseconds
1778144902,2,3.000000,1.500000,0.000000,1.500000,3.000000,3.000000,3.000000,3.000000,3.000000,3.000000,0.358211,0.400000,0.400000,0.400000,calls/second,milliseconds
1778144903,2,3.000000,1.500000,0.000000,1.500000,3.000000,3.000000,3.000000,3.000000,3.000000,3.000000,0.303659,0.400000,0.400000,0.400000,calls/second,milliseconds
1778144904,2,3.000000,1.500000,0.000000,1.500000,3.000000,3.000000,3.000000,3.000000,3.000000,3.000000,0.263529,0.400000,0.400000,0.400000,calls/second,milliseconds
1778144905,2,3.000000,1.500000,0.000000,1.500000,3.000000,3.000000,3.000000,3.000000,3.000000,3.000000,0.232752,0.400000,0.400000,0.400000,calls/second,milliseconds
1778144906,2,3.000000,1.500000,0.000000,1.500000,3.000000,3.000000,3.000000,3.000000,3.000000,3.000000,0.208416,0.400000,0.400000,0.400000,calls/second,milliseconds
1778144907,2,3.000000,1.500000,0.000000,1.500000,3.000000,3.000000,3.000000,3.000000,3.000000,3.000000,0.188693,0.368018,0.393389,0.397784,calls/second,milliseconds
1778144909,2,3.000000,1.500000,0.000000,1.500000,3.000000,3.000000,3.000000,3.000000,3.000000,3.000000,0.172389,0.368018,0.393389,0.397784,calls/second,milliseconds
1778144910,2,3.000000,1.500000,0.000000,1.500000,3.000000,3.000000,3.000000,3.000000,3.000000,3.000000,0.158672,0.368018,0.393389,0.397784,calls/second,milliseconds
1778144911,2,3.000000,1.500000,0.000000,1.500000,3.000000,3.000000,3.000000,3.000000,3.000000,3.000000,0.146982,0.368018,0.393389,0.397784,calls/second,milliseconds
1778144912,2,3.000000,1.500000,0.000000,1.500000,3.000000,3.000000,3.000000,3.000000,3.000000,3.000000,0.136895,0.368018,0.393389,0.397784,calls/second,milliseconds
1778144913,2,3.000000,1.500000,0.000000,1.500000,3.000000,3.000000,3.000000,3.000000,3.000000,3.000000,0.128104,0.338593,0.386886,0.395580,calls/second,milliseconds
1778144914,2,3.000000,1.500000,0.000000,1.500000,3.000000,3.000000,3.000000,3.000000,3.000000,3.000000,0.120367,0.338593,0.386886,0.395580,calls/second,milliseconds
1778144915,2,3.000000,1.500000,0.000000,1.500000,3.000000,3.000000,3.000000,3.000000,3.000000,3.000000,0.113515,0.338593,0.386886,0.395580,calls/second,milliseconds
1778144916,2,3.000000,1.500000,0.000000,1.500000,3.000000,3.000000,3.000000,3.000000,3.000000,3.000000,0.107402,0.338593,0.386886,0.395580,calls/second,milliseconds
1778144917,2,3.000000,1.500000,0.000000,1.500000,3.000000,3.000000,3.000000,3.000000,3.000000,3.000000,0.101917,0.338593,0.386886,0.395580,calls/second,milliseconds
1778144918,2,3.000000,1.500000,0.000000,1.500000,3.000000,3.000000,3.000000,3.000000,3.000000,3.000000,0.096964,0.311520,0.380492,0.393389,calls/second,milliseconds
1778144919,2,3.000000,1.500000,0.000000,1.500000,3.000000,3.000000,3.000000,3.000000,3.000000,3.000000,0.092468,0.311520,0.380492,0.393389,calls/second,milliseconds
1778144920,2,3.000000,1.500000,0.000000,1.500000,3.000000,3.000000,3.000000,3.000000,3.000000,3.000000,0.088373,0.311520,0.380492,0.393389,calls/second,milliseconds
1778144921,2,3.000000,1.500000,0.000000,1.500000,3.000000,3.000000,3.000000,3.000000,3.000000,3.000000,0.084625,0.311520,0.380492,0.393389,calls/second,milliseconds
1778144922,2,3.000000,1.500000,0.000000,1.500000,3.000000,3.000000,3.000000,3.000000,3.000000,3.000000,0.081181,0.311520,0.380492,0.393389,calls/second,milliseconds
1778144923,2,3.000000,1.500000,0.000000,1.500000,3.000000,3.000000,3.000000,3.000000,3.000000,3.000000,0.078004,0.286613,0.374203,0.391209,calls/second,milliseconds
1778144924,2,3.000000,1.500000,0.000000,1.500000,3.000000,3.000000,3.000000,3.000000,3.000000,3.000000,0.075069,0.286613,0.374203,0.391209,calls/second,milliseconds
1778144925,2,3.000000,1.500000,0.000000,1.500000,3.000000,3.000000,3.000000,3.000000,3.000000,3.000000,0.072348,0.286613,0.374203,0.391209,calls/second,milliseconds
1778144926,2,3.000000,1.500000,0.000000,1.500000,3.000000,3.000000,3.000000,3.000000,3.000000,3.000000,0.069816,0.286613,0.374203,0.391209,calls/second,milliseconds
1778144927,2,3.000000,1.500000,0.000000,1.500000,3.000000,3.000000,3.000000,3.000000,3.000000,3.000000,0.067456,0.286613,0.374203,0.391209,calls/second,milliseconds
1778144928,2,3.000000,1.500000,0.000000,1.500000,3.000000,3.000000,3.000000,3.000000,3.000000,3.000000,0.065249,0.263696,0.368018,0.389042,calls/second,milliseconds
1778144929,2,3.000000,1.500000,0.000000,1.500000,3.000000,3.000000,3.000000,3.000000,3.000000,3.000000,0.063182,0.263696,0.368018,0.389042,calls/second,milliseconds
1778144930,2,3.000000,1.500000,0.000000,1.500000,3.000000,3.000000,3.000000,3.000000,3.000000,3.000000,0.061244,0.263696,0.368018,0.389042,calls/second,milliseconds
1778144931,2,3.000000,1.500000,0.000000,1.500000,3.000000,3.000000,3.000000,3.000000,3.000000,3.000000,0.059420,0.263696,0.368018,0.389042,calls/second,milliseconds
1778144932,2,3.000000,1.500000,0.000000,1.500000,3.000000,3.000000,3.000000,3.000000,3.000000,3.000000,0.057702,0.263696,0.368018,0.389042,calls/second,milliseconds
1778144933,2,3.000000,1.500000,0.000000,1.500000,3.000000,3.000000,3.000000,3.000000,3.000000,3.000000,0.056081,0.242612,0.361935,0.386886,calls/second,milliseconds
1778144934,2,3.000000,1.500000,0.000000,1.500000,3.000000,3.000000,3.000000,3.000000,3.000000,3.000000,0.054548,0.242612,0.361935,0.386886,calls/second,milliseconds
1778144935,2,3.000000,1.500000,0.000000,1.500000,3.000000,3.000000,3.000000,3.000000,3.000000,3.000000,0.053097,0.242612,0.361935,0.386886,calls/second,milliseconds
1778144936,2,3.000000,1.500000,0.000000,1.500000,3.000000,3.000000,3.000000,3.000000,3.000000,3.000000,0.051720,0.242612,0.361935,0.386886,calls/second,milliseconds
1778144937,2,3.000000,1.500000,0.000000,1.500000,3.000000,3.000000,3.000000,3.000000,3.000000,3.000000,0.050413,0.242612,0.361935,0.386886,calls/second,milliseconds
1778144938,2,3.000000,1.500000,0.000000,1.500000,3.000000,3.000000,3.000000,3.000000,3.000000,3.000000,0.049171,0.223214,0.355953,0.384743,calls/second,milliseconds
1778144939,2,3.000000,1.500000,0.000000,1.500000,3.000000,3.000000,3.000000,3.000000,3.000000,3.000000,0.047989,0.223214,0.355953,0.384743,calls/second,milliseconds
1778144940,2,3.000000,1.500000,0.000000,1.500000,3.000000,3.000000,3.000000,3.000000,3.000000,3.000000,0.046863,0.223214,0.355953,0.384743,calls/second,milliseconds
1778144941,2,3.000000,1.500000,0.000000,1.500000,3.000000,3.000000,3.000000,3.000000,3.000000,3.000000,0.045788,0.223214,0.355953,0.384743,calls/second,milliseconds
1778144942,2,3.000000,1.500000,0.000000,1.500000,3.000000,3.000000,3.000000,3.000000,3.000000,3.000000,0.044761,0.223214,0.355953,0.384743,calls/second,milliseconds
1778144943,2,3.000000,1.500000,0.000000,1.500000,3.000000,3.000000,3.000000,3.000000,3.000000,3.000000,0.043779,0.205367,0.350069,0.382611,calls/second,milliseconds
1778144944,2,3.000000,1.500000,0.000000,1.500000,3.000000,3.000000,3.000000,3.000000,3.000000,3.000000,0.042839,0.205367,0.350069,0.382611,calls/second,milliseconds
1778144945,2,3.000000,1.500000,0.000000,1.500000,3.000000,3.000000,3.000000,3.000000,3.000000,3.000000,0.041940,0.205367,0.350069,0.382611,calls/second,milliseconds
1778144946,2,3.000000,1.500000,0.000000,1.500000,3.000000,3.000000,3.000000,3.000000,3.000000,3.000000,0.041077,0.205367,0.350069,0.382611,calls/second,milliseconds
1778144947,2,3.000000,1.500000,0.000000,1.500000,3.000000,3.000000,3.000000,3.000000,3.000000,3.000000,0.040248,0.205367,0.350069,0.382611,calls/second,milliseconds
1778144948,2,3.000000,1.500000,0.000000,1.500000,3.000000,3.000000,3.000000,3.000000,3.000000,3.000000,0.039453,0.188947,0.344283,0.380492,calls/second,milliseconds
1778144949,2,3.000000,1.500000,0.000000,1.500000,3.000000,3.000000,3.000000,3.000000,3.000000,3.000000,0.038688,0.188947,0.344283,0.380492,calls/second,milliseconds
1778144950,2,3.000000,1.500000,0.000000,1.500000,3.000000,3.000000,3.000000,3.000000,3.000000,3.000000,0.037952,0.188947,0.344283,0.380492,calls/second,milliseconds
1778144951,2,3.000000,1.500000,0.000000,1.500000,3.000000,3.000000,3.000000,3.000000,3.000000,3.000000,0.037244,0.188947,0.344283,0.380492,calls/second,milliseconds
1778144952,2,3.000000,1.500000,0.000000,1.500000,3.000000,3.000000,3.000000,3.000000,3.000000,3.000000,0.036561,0.188947,0.344283,0.380492,calls/second,milliseconds
1778144953,2,3.000000,1.500000,0.000000,1.500000,3.000000,3.000000,3.000000,3.000000,3.000000,3.000000,0.035904,0.173839,0.338593,0.378384,calls/second,milliseconds
1778144954,2,3.000000,1.500000,0.000000,1.500000,3.000000,3.000000,3.000000,3.000000,3.000000,3.000000,0.035269,0.173839,0.338593,0.378384,calls/second,milliseconds
1778144955,2,3.000000,1.500000,0.000000,1.500000,3.000000,3.000000,3.000000,3.000000,3.000000,3.000000,0.034657,0.173839,0.338593,0.378384,calls/second,milliseconds
1778144956,2,3.000000,1.500000,0.000000,1.500000,3.000000,3.000000,3.000000,3.000000,3.000000,3.000000,0.034065,0.173839,0.338593,0.378384,calls/second,milliseconds
1778144957,2,3.000000,1.500000,0.000000,1.500000,3.000000,3.000000,3.000000,3.000000,3.000000,3.000000,0.033494,0.173839,0.338593,0.378384,calls/second,milliseconds
1778144958,2,3.000000,1.500000,0.000000,1.500000,3.000000,3.000000,3.000000,3.000000,3.000000,3.000000,0.032941,0.159940,0.332996,0.376287,calls/second,milliseconds
1778144959,2,3.000000,1.500000,0.000000,1.500000,3.000000,3.000000,3.000000,3.000000,3.000000,3.000000,0.032406,0.159940,0.332996,0.376287,calls/second,milliseconds
1778144960,2,3.000000,1.500000,0.000000,1.500000,3.000000,3.000000,3.000000,3.000000,3.000000,3.000000,0.031889,0.159940,0.332996,0.376287,calls/second,milliseconds
1778144961,2,3.000000,1.500000,0.000000,1.500000,3.000000,3.000000,3.000000,3.000000,3.000000,3.000000,0.031387,0.159940,0.332996,0.376287,calls/second,milliseconds
1778144962,2,3.000000,1.500000,0.000000,1.500000,3.000000,3.000000,3.000000,3.000000,3.000000,3.000000,0.030902,0.159940,0.332996,0.376287,calls/second,milliseconds
1778144963,2,3.000000,1.500000,0.000000,1.500000,3.000000,3.000000,3.000000,3.000000,3.000000,3.000000,0.030430,0.147152,0.327492,0.374203,calls/second,milliseconds
1778144964,2,3.000000,1.500000,0.000000,1.500000,3.000000,3.000000,3.000000,3.000000,3.000000,3.000000,0.029974,0.147152,0.327492,0.374203,calls/second,milliseconds
1778144965,2,3.000000,1.500000,0.000000,1.500000,3.000000,3.000000,3.000000,3.000000,3.000000,3.000000,0.029530,0.147152,0.327492,0.374203,calls/second,milliseconds
1778144966,2,3.000000,1.500000,0.000000,1.500000,3.000000,3.000000,3.000000,3.000000,3.000000,3.000000,0.029100,0.147152,0.327492,0.374203,calls/second,milliseconds
1778144967,2,3.000000,1.500000,0.000000,1.500000,3.000000,3.000000,3.000000,3.000000,3.000000,3.000000,0.028682,0.147152,0.327492,0.374203,calls/second,milliseconds
1778144968,2,3.000000,1.500000,0.000000,1.500000,3.000000,3.000000,3.000000,3.000000,3.000000,3.000000,0.028276,0.135386,0.322079,0.372130,calls/second,milliseconds
1778144969,2,3.000000,1.500000,0.000000,1.500000,3.000000,3.000000,3.000000,3.000000,3.000000,3.000000,0.027881,0.135386,0.322079,0.372130,calls/second,milliseconds
1778144970,2,3.000000,1.500000,0.000000,1.500000,3.000000,3.000000,3.000000,3.000000,3.000000,3.000000,0.027497,0.135386,0.322079,0.372130,calls/second,milliseconds
1778144971,2,3.000000,1.500000,0.000000,1.500000,3.000000,3.000000,3.000000,3.000000,3.000000,3.000000,0.027123,0.135386,0.322079,0.372130,calls/second,milliseconds
1778144972,2,3.000000,1.500000,0.000000,1.500000,3.000000,3.000000,3.000000,3.000000,3.000000,3.000000,0.026759,0.135386,0.322079,0.372130,calls/second,milliseconds
1778144973,2,3.000000,1.500000,0.000000,1.500000,3.000000,3.000000,3.000000,3.000000,3.000000,3.000000,0.026403,0.124561,0.316756,0.370068,calls/second,milliseconds
1778144974,2,3.000000,1.500000,0.000000,1.500000,3.000000,3.000000,3.000000,3.000000,3.000000,3.000000,0.026058,0.124561,0.316756,0.370068,calls/second,milliseconds
1778144975,2,3.000000,1.500000,0.000000,1.500000,3.000000,3.000000,3.000000,3.000000,3.000000,3.000000,0.025722,0.124561,0.316756,0.370068,calls/second,milliseconds
1778144976,2,3.000000,1.500000,0.000000,1.500000,3.000000,3.000000,3.000000,3.000000,3.000000,3.000000,0.025395,0.124561,0.316756,0.370068,calls/second,milliseconds
1778144977,2,3.000000,1.500000,0.000000,1.500000,3.000000,3.000000,3.000000,3.000000,3.000000,3.000000,0.025076,0.124561,0.316756,0.370068,calls/second,milliseconds
1778144978,2,3.000000,1.500000,0.000000,1.500000,3.000000,3.000000,3.000000,3.000000,3.000000,3.000000,0.024765,0.114602,0.311520,0.368018,calls/second,milliseconds
1778144979,2,3.000000,1.500000,0.000000,1.500000,3.000000,3.000000,3.000000,3.000000,3.000000,3.000000,0.024461,0.114602,0.311520,0.368018,calls/second,milliseconds
1778144980,2,3.000000,1.500000,0.000000,1.500000,3.000000,3.000000,3.000000,3.000000,3.000000,3.000000,0.024165,0.114602,0.311520,0.368018,calls/second,milliseconds
1778144981,2,3.000000,1.500000,0.000000,1.500000,3.000000,3.000000,3.000000,3.000000,3.000000,3.000000,0.023876,0.114602,0.311520,0.368018,calls/second,milliseconds
1778144982,2,3.000000,1.500000,0.000000,1.500000,3.000000,3.000000,3.000000,3.000000,3.000000,3.000000,0.023594,0.114602,0.311520,0.368018,calls/second,milliseconds
1778144983,2,3.000000,1.500000,0.000000,1.500000,3.000000,3.000000,3.000000,3.000000,3.000000,3.000000,0.023318,0.105439,0.306371,0.365979,calls/second,milliseconds
1778144984,2,3.000000,1.500000,0.000000,1.500000,3.000000,3.000000,3.000000,3.000000,3.000000,3.000000,0.023049,0.105439,0.306371,0.365979,calls/second,milliseconds
1778144985,2,3.000000,1.500000,0.000000,1.500000,3.000000,3.000000,3.000000,3.000000,3.000000,3.000000,0.022786,0.105439,0.306371,0.365979,calls/second,milliseconds
1778144986,2,3.000000,1.500000,0.000000,1.500000,3.000000,3.000000,3.000000,3.000000,3.000000,3.000000,0.022529,0.105439,0.306371,0.365979,calls/second,milliseconds
1778144987,2,3.000000,1.500000,0.000000,1.500000,3.000000,3.000000,3.000000,3.000000,3.000000,3.000000,0.022278,0.105439,0.306371,0.365979,calls/second,milliseconds
1778144988,2,3.000000,1.500000,0.000000,1.500000,3.000000,3.000000,3.000000,3.000000,3.000000,3.000000,0.022032,0.097008,0.301307,0.363951,calls/second,milliseconds
1778144989,2,3.000000,1.500000,0.000000,1.500000,3.000000,3.000000,3.000000,3.000000,3.000000,3.000000,0.021791,0.097008,0.301307,0.363951,calls/second,milliseconds
1778144990,2,3.000000,1.500000,0.000000,1.500000,3.000000,3.000000,3.000000,3.000000,3.000000,3.000000,0.021556,0.097008,0.301307,0.363951,calls/second,milliseconds
1778144991,2,3.000000,1.500000,0.000000,1.500000,3.000000,3.000000,3.000000,3.000000,3.000000,3.000000,0.021326,0.097008,0.301307,0.363951,calls/second,milliseconds
1778144992,2,3.000000,1.500000,0.000000,1.500000,3.000000,3.000000,3.000000,3.000000,3.000000,3.000000,0.021100,0.097008,0.301307,0.363951,calls/second,milliseconds
1778144993,2,3.000000,1.500000,0.000000,1.500000,3.000000,3.000000,3.000000,3.000000,3.000000,3.000000,0.020880,0.089252,0.296327,0.361935,calls/second,milliseconds
1778144994,2,3.000000,1.500000,0.000000,1.500000,3.000000,3.000000,3.000000,3.000000,3.000000,3.000000,0.020664,0.089252,0.296327,0.361935,calls/second,milliseconds
1778144995,2,3.000000,1.500000,0.000000,1.500000,3.000000,3.000000,3.000000,3.000000,3.000000,3.000000,0.020452,0.089252,0.296327,0.361935,calls/second,milliseconds
1778144996,2,3.000000,1.500000,0.000000,1.500000,3.000000,3.000000,3.000000,3.000000,3.000000,3.000000,0.020245,0.089252,0.296327,0.361935,calls/second,milliseconds
1778144997,2,3.000000,1.500000,0.000000,1.500000,3.000000,3.000000,3.000000,3.000000,3.000000,3.000000,0.020041,0.089252,0.296327,0.361935,calls/second,milliseconds
1778144998,2,3.000000,1.500000,0.000000,1.500000,3.000000,3.000000,3.000000,3.000000,3.000000,3.000000,0.019842,0.082116,0.291429,0.359930,calls/second,milliseconds
1778144999,2,3.000000,1.500000,0.000000,1.500000,3.000000,3.000000,3.000000,3.000000,3.000000,3.000000,0.019647,0.082116,0.291429,0.359930,calls/second,milliseconds
1778145000,2,3.000000,1.500000,0.000000,1.500000,3.000000,3.000000,3.000000,3.000000,3.000000,3.000000,0.019455,0.082116,0.291429,0.359930,calls/second,milliseconds
1778145001,2,3.000000,1.500000,0.000000,1.500000,3.000000,3.000000,3.000000,3.000000,3.000000,3.000000,0.019268,0.082116,0.291429,0.359930,calls/second,milliseconds
1778145002,2,3.000000,1.500000,0.000000,1.500000,3.000000,3.000000,3.000000,3.000000,3.000000,3.000000,0.019083,0.082116,0.291429,0.359930,calls/second,milliseconds
1778145003,2,3.000000,1.500000,0.000000,1.500000,3.000000,3.000000,3.000000,3.000000,3.000000,3.000000,0.018903,0.075550,0.286613,0.357936,calls/second,milliseconds
1778145004,2,3.000000,1.500000,0.000000,1.500000,3.000000,3.000000,3.000000,3.000000,3.000000,3.000000,0.018726,0.075550,0.286613,0.357936,calls/second,milliseconds
1778145005,2,3.000000,1.500000,0.000000,1.500000,3.000000,3.000000,3.000000,3.000000,3.000000,3.000000,0.018551,0.075550,0.286613,0.357936,calls/second,milliseconds
1778145006,2,3.000000,1.500000,0.000000,1.500000,3.000000,3.000000,3.000000,3.000000,3.000000,3.000000,0.018381,0.075550,0.286613,0.357936,calls/second,milliseconds
1778145007,2,3.000000,1.500000,0.000000,1.500000,3.000000,3.000000,3.000000,3.000000,3.000000,3.000000,0.018213,0.075550,0.286613,0.357936,calls/second,milliseconds
1778145008,2,3.000000,1.500000,0.000000,1.500000,3.000000,3.000000,3.000000,3.000000,3.000000,3.000000,0.018048,0.069510,0.281875,0.355953,calls/second,milliseconds
1778145009,2,3.000000,1.500000,0.000000,1.500000,3.000000,3.000000,3.000000,3.000000,3.000000,3.000000,0.017887,0.069510,0.281875,0.355953,calls/second,milliseconds
1778145010,2,3.000000,1.500000,0.000000,1.500000,3.000000,3.000000,3.000000,3.000000,3.000000,3.000000,0.017728,0.069510,0.281875,0.355953,calls/second,milliseconds
1778145011,2,3.000000,1.500000,0.000000,1.500000,3.000000,3.000000,3.000000,3.000000,3.000000,3.000000,0.017572,0.069510,0.281875,0.355953,calls/second,milliseconds
1778145012,2,3.000000,1.500000,0.000000,1.500000,3.000000,3.000000,3.000000,3.000000,3.000000,3.000000,0.017418,0.069510,0.281875,0.355953,calls/second,milliseconds
1778145013,2,3.000000,1.500000,0.000000,1.500000,3.000000,3.000000,3.000000,3.000000,3.000000,3.000000,0.017268,0.063952,0.277216,0.353981,calls/second,milliseconds
1778145014,2,3.000000,1.500000,0.000000,1.500000,3.000000,3.000000,3.000000,3.000000,3.000000,3.000000,0.017120,0.063952,0.277216,0.353981,calls/second,milliseconds
1778145015,2,3.000000,1.500000,0.000000,1.500000,3.000000,3.000000,3.000000,3.000000,3.000000,3.000000,0.016974,0.063952,0.277216,0.353981,calls/second,milliseconds
1778145016,2,3.000000,1.500000,0.000000,1.500000,3.000000,3.000000,3.000000,3.000000,3.000000,3.000000,0.016831,0.063952,0.277216,0.353981,calls/second,milliseconds
1778145017,2,3.000000,1.500000,0.000000,1.500000,3.000000,3.000000,3.000000,3.000000,3.000000,3.000000,0.016690,0.063952,0.277216,0.353981,calls/second,milliseconds
1778145018,2,3.000000,1.500000,0.000000,1.500000,3.000000,3.000000,3.000000,3.000000,3.000000,3.000000,0.016552,0.058839,0.272634,0.352020,calls/second,milliseconds
1778145019,2,3.000000,1.500000,0.000000,1.500000,3.000000,3.000000,3.000000,3.000000,3.000000,3.000000,0.016416,0.058839,0.272634,0.352020,calls/second,milliseconds
1778145020,2,3.000000,1.500000,0.000000,1.500000,3.000000,3.000000,3.000000,3.000000,3.000000,3.000000,0.016282,0.058839,0.272634,0.352020,calls/second,milliseconds
1778145021,2,3.000000,1.500000,0.000000,1.500000,3.000000,3.000000,3.000000,3.000000,3.000000,3.000000,0.016150,0.058839,0.272634,0.352020,calls/second,milliseconds
1778145022,2,3.000000,1.500000,0.000000,1.500000,3.000000,3.000000,3.000000,3.000000,3.000000,3.000000,0.016021,0.058839,0.272634,0.352020,calls/second,milliseconds
1778145023,2,3.000000,1.500000,0.000000,1.500000,3.000000,3.000000,3.000000,3.000000,3.000000,3.000000,0.015893,0.054134,0.268128,0.350069,calls/second,milliseconds
1778145024,2,3.000000,1.500000,0.000000,1.500000,3.000000,3.000000,3.000000,3.000000,3.000000,3.000000,0.015768,0.054134,0.268128,0.350069,calls/second,milliseconds
1778145025,2,3.000000,1.500000,0.000000,1.500000,3.000000,3.000000,3.000000,3.000000,3.000000,3.000000,0.015644,0.054134,0.268128,0.350069,calls/second,milliseconds
1778145026,2,3.000000,1.500000,0.000000,1.500000,3.000000,3.000000,3.000000,3.000000,3.000000,3.000000,0.015523,0.054134,0.268128,0.350069,calls/second,milliseconds
1778145027,2,3.000000,1.500000,0.000000,1.500000,3.000000,3.000000,3.000000,3.000000,3.000000,3.000000,0.015403,0.054134,0.268128,0.350069,calls/second,milliseconds
1778145028,2,3.000000,1.500000,0.000000,1.500000,3.000000,3.000000,3.000000,3.000000,3.000000,3.000000,0.015285,0.049806,0.263696,0.348130,calls/second,milliseconds
1778145029,2,3.000000,1.500000,0.000000,1.500000,3.000000,3.000000,3.000000,3.000000,3.000000,3.000000,0.015169,0.049806,0.263696,0.348130,calls/second,milliseconds
1778145030,2,3.000000,1.500000,0.000000,1.500000,3.000000,3.000000,3.000000,3.000000,3.000000,3.000000,0.015055,0.049806,0.263696,0.348130,calls/second,milliseconds
1778145031,2,3.000000,1.500000,0.000000,1.500000,3.000000,3.000000,3.000000,3.000000,3.000000,3.000000,0.014942,0.049806,0.263696,0.348130,calls/second,milliseconds
1778145032,2,3.000000,1.500000,0.000000,1.500000,3.000000,3.000000,3.000000,3.000000,3.000000,3.000000,0.014831,0.049806,0.263696,0.348130,calls/second,milliseconds
1778145033,2,3.000000,1.500000,0.000000,1.500000,3.000000,3.000000,3.000000,3.000000,3.000000,3.000000,0.014722,0.045824,0.259338,0.346201,calls/second,milliseconds
1778145034,2,3.000000,1.500000,0.000000,1.500000,3.000000,3.000000,3.000000,3.000000,3.000000,3.000000,0.014614,0.045824,0.259338,0.346201,calls/second,milliseconds
1778145035,2,3.000000,1.500000,0.000000,1.500000,3.000000,3.000000,3.000000,3.000000,3.000000,3.000000,0.014508,0.045824,0.259338,0.346201,calls/second,milliseconds
1778145036,2,3.000000,1.500000,0.000000,1.500000,3.000000,3.000000,3.000000,3.000000,3.000000,3.000000,0.014403,0.045824,0.259338,0.346201,calls/second,milliseconds
1778145037,2,3.000000,1.500000,0.000000,1.500000,3.000000,3.000000,3.000000,3.000000,3.000000,3.000000,0.014300,0.045824,0.259338,0.346201,calls/second,milliseconds
1778145038,2,3.000000,1.500000,0.000000,1.500000,3.000000,3.000000,3.000000,3.000000,3.000000,3.000000,0.014198,0.042160,0.255051,0.344283,calls/second,milliseconds
1778145039,2,3.000000,1.500000,0.000000,1.500000,3.000000,3.000000,3.000000,3.000000,3.000000,3.000000,0.014098,0.042160,0.255051,0.344283,calls/second,milliseconds
1778145040,2,3.000000,1.500000,0.000000,1.500000,3.000000,3.000000,3.000000,3.000000,3.000000,3.000000,0.013999,0.042160,0.255051,0.344283,calls/second,milliseconds
1778145041,2,3.000000,1.500000,0.000000,1.500000,3.000000,3.000000,3.000000,3.000000,3.000000,3.000000,0.013902,0.042160,0.255051,0.344283,calls/second,milliseconds
1778145042,2,3.000000,1.500000,0.000000,1.500000,3.000000,3.000000,3.000000,3.000000,3.000000,3.000000,0.013806,0.042160,0.255051,0.344283,calls/second,milliseconds
1778145043,2,3.000000,1.500000,0.000000,1.500000,3.000000,3.000000,3.000000,3.000000,3.000000,3.000000,0.013711,0.038789,0.250836,0.342376,calls/second,milliseconds
1778145044,2,3.000000,1.500000,0.000000,1.500000,3.000000,3.000000,3.000000,3.000000,3.000000,3.000000,0.013617,0.038789,0.250836,0.342376,calls/second,milliseconds
1778145045,2,3.000000,1.500000,0.000000,1.500000,3.000000,3.000000,3.000000,3.000000,3.000000,3.000000,0.013525,0.038789,0.250836,0.342376,calls/second,milliseconds
1778145046,2,3.000000,1.500000,0.000000,1.500000,3.000000,3.000000,3.000000,3.000000,3.000000,3.000000,0.013434,0.038789,0.250836,0.342376,calls/second,milliseconds
1778145047,2,3.000000,1.500000,0.000000,1.500000,3.000000,3.000000,3.000000,3.000000,3.000000,3.000000,0.013344,0.038789,0.250836,0.342376,calls/second,milliseconds
1778145048,2,3.000000,1.500000,0.000000,1.500000,3.000000,3.000000,3.000000,3.000000,3.000000,3.000000,0.013256,0.035687,0.246690,0.340479,calls/second,milliseconds
1778145049,2,3.000000,1.500000,0.000000,1.500000,3.000000,3.000000,3.000000,3.000000,3.000000,3.000000,0.013168,0.035687,0.246690,0.340479,calls/second,milliseconds
1778145050,2,3.000000,1.500000,0.000000,1.500000,3.000000,3.000000,3.000000,3.000000,3.000000,3.000000,0.013082,0.035687,0.246690,0.340479,calls/second,milliseconds
1778145051,2,3.000000,1.500000,0.000000,1.500000,3.000000,3.000000,3.000000,3.000000,3.000000,3.000000,0.012997,0.035687,0.246690,0.340479,calls/second,milliseconds
1778145052,2,3.000000,1.500000,0.000000,1.500000,3.000000,3.000000,3.000000,3.000000,3.000000,3.000000,0.012913,0.035687,0.246690,0.340479,calls/second,milliseconds
1778145053,2,3.000000,1.500000,0.000000,1.500000,3.000000,3.000000,3.000000,3.000000,3.000000,3.000000,0.012830,0.032834,0.242612,0.338593,calls/second,milliseconds
1778145054,2,3.000000,1.500000,0.000000,1.500000,3.000000,3.000000,3.000000,3.000000,3.000000,3.000000,0.012748,0.032834,0.242612,0.338593,calls/second,milliseconds
1778145055,2,3.000000,1.500000,0.000000,1.500000,3.000000,3.000000,3.000000,3.000000,3.000000,3.000000,0.012667,0.032834,0.242612,0.338593,calls/second,milliseconds
1778145056,2,3.000000,1.500000,0.000000,1.500000,3.000000,3.000000,3.000000,3.000000,3.000000,3.000000,0.012587,0.032834,0.242612,0.338593,calls/second,milliseconds
1778145057,2,3.000000,1.500000,0.000000,1.500000,3.000000,3.000000,3.000000,3.000000,3.000000,3.000000,0.012508,0.032834,0.242612,0.338593,calls/second,milliseconds
1778145058,2,3.000000,1.500000,0.000000,1.500000,3.000000,3.000000,3.000000,3.000000,3.000000,3.000000,0.012431,0.030209,0.238602,0.336717,calls/second,milliseconds
1778145059,2,3.000000,1.500000,0.000000,1.500000,3.000000,3.000000,3.000000,3.000000,3.000000,3.000000,0.012354,0.030209,0.238602,0.336717,calls/second,milliseconds
1778145060,2,3.000000,1.500000,0.000000,1.500000,3.000000,3.000000,3.000000,3.000000,3.000000,3.000000,0.012278,0.030209,0.238602,0.336717,calls/second,milliseconds
1778145061,2,3.000000,1.500000,0.000000,1.500000,3.000000,3.000000,3.000000,3.000000,3.000000,3.000000,0.012203,0.030209,0.238602,0.336717,calls/second,milliseconds
1778145062,2,3.000000,1.500000,0.000000,1.500000,3.000000,3.000000,3.000000,3.000000,3.000000,3.000000,0.012128,0.030209,0.238602,0.336717,calls/second,milliseconds
1778145063,2,3.000000,1.500000,0.000000,1.500000,3.000000,3.000000,3.000000,3.000000,3.000000,3.000000,0.012055,0.027793,0.234658,0.334851,calls/second,milliseconds
1778145064,2,3.000000,1.500000,0.000000,1.500000,3.000000,3.000000,3.000000,3.000000,3.000000,3.000000,0.011983,0.027793,0.234658,0.334851,calls/second,milliseconds
1778145065,2,3.000000,1.500000,0.000000,1.500000,3.000000,3.000000,3.000000,3.000000,3.000000,3.000000,0.011911,0.027793,0.234658,0.334851,calls/second,milliseconds
1778145066,2,3.000000,1.500000,0.000000,1.500000,3.000000,3.000000,3.000000,3.000000,3.000000,3.000000,0.011841,0.027793,0.234658,0.334851,calls/second,milliseconds
1778145067,2,3.000000,1.500000,0.000000,1.500000,3.000000,3.000000,3.000000,3.000000,3.000000,3.000000,0.011771,0.027793,0.234658,0.334851,calls/second,milliseconds
1778145068,2,3.000000,1.500000,0.000000,1.500000,3.000000,3.000000,3.000000,3.000000,3.000000,3.000000,0.011702,0.025571,0.230780,0.332996,calls/second,milliseconds
1778145069,2,3.000000,1.500000,0.000000,1.500000,3.000000,3.000000,3.000000,3.000000,3.000000,3.000000,0.011634,0.025571,0.230780,0.332996,calls/second,milliseconds
1778145070,2,3.000000,1.500000,0.000000,1.500000,3.000000,3.000000,3.000000,3.000000,3.000000,3.000000,0.011567,0.025571,0.230780,0.332996,calls/second,milliseconds
1778145071,2,3.000000,1.500000,0.000000,1.500000,3.000000,3.000000,3.000000,3.000000,3.000000,3.000000,0.011500,0.025571,0.230780,0.332996,calls/second,milliseconds
1778145072,2,3.000000,1.500000,0.000000,1.500000,3.000000,3.000000,3.000000,3.000000,3.000000,3.000000,0.011434,0.025571,0.230780,0.332996,calls/second,milliseconds
1778145073,2,3.000000,1.500000,0.000000,1.500000,3.000000,3.000000,3.000000,3.000000,3.000000,3.000000,0.011369,0.023527,0.226965,0.331151,calls/second,milliseconds
1778145074,2,3.000000,1.500000,0.000000,1.500000,3.000000,3.000000,3.000000,3.000000,3.000000,3.000000,0.011305,0.023527,0.226965,0.331151,calls/second,milliseconds
1778145075,2,3.000000,1.500000,0.000000,1.500000,3.000000,3.000000,3.000000,3.000000,3.000000,3.000000,0.011241,0.023527,0.226965,0.331151,calls/second,milliseconds
1778145076,2,3.000000,1.500000,0.000000,1.500000,3.000000,3.000000,3.000000,3.000000,3.000000,3.000000,0.011178,0.023527,0.226965,0.331151,calls/second,milliseconds
1778145077,2,3.000000,1.500000,0.000000,1.500000,3.000000,3.000000,3.000000,3.000000,3.000000,3.000000,0.011116,0.023527,0.226965,0.331151,calls/second,milliseconds
1778145078,2,3.000000,1.500000,0.000000,1.500000,3.000000,3.000000,3.000000,3.000000,3.000000,3.000000,0.011054,0.021646,0.223214,0.329317,calls/second,milliseconds
1778145079,2,3.000000,1.500000,0.000000,1.500000,3.000000,3.000000,3.000000,3.000000,3.000000,3.000000,0.010993,0.021646,0.223214,0.329317,calls/second,milliseconds
1778145080,2,3.000000,1.500000,0.000000,1.500000,3.000000,3.000000,3.000000,3.000000,3.000000,3.000000,0.010933,0.021646,0.223214,0.329317,calls/second,milliseconds
1778145081,2,3.000000,1.500000,0.000000,1.500000,3.000000,3.000000,3.000000,3.000000,3.000000,3.000000,0.010874,0.021646,0.223214,0.329317,calls/second,milliseconds
1778145082,2,3.000000,1.500000,0.000000,1.500000,3.000000,3.000000,3.000000,3.000000,3.000000,3.000000,0.010815,0.021646,0.223214,0.329317,calls/second,milliseconds
1778145083,2,3.000000,1.500000,0.000000,1.500000,3.000000,3.000000,3.000000,3.000000,3.000000,3.000000,0.010757,0.019915,0.219525,0.327492,calls/second,milliseconds
1778145084,2,3.000000,1.500000,0.000000,1.500000,3.000000,3.000000,3.000000,3.000000,3.000000,3.000000,0.010699,0.019915,0.219525,0.327492,calls/second,milliseconds
1778145085,2,3.000000,1.500000,0.000000,1.500000,3.000000,3.000000,3.000000,3.000000,3.000000,3.000000,0.010642,0.019915,0.219525,0.327492,calls/second,milliseconds
1778145086,2,3.000000,1.500000,0.000000,1.500000,3.000000,3.000000,3.000000,3.000000,3.000000,3.000000,0.010585,0.019915,0.219525,0.327492,calls/second,milliseconds
1778145087,2,3.000000,1.500000,0.000000,1.500000,3.000000,3.000000,3.000000,3.000000,3.000000,3.000000,0.010530,0.019915,0.219525,0.327492,calls/second,milliseconds
1778145088,2,3.000000,1.500000,0.000000,1.500000,3.000000,3.000000,3.000000,3.000000,3.000000,3.000000,0.010474,0.018323,0.215896,0.325678,calls/second,milliseconds
1778145089,2,3.000000,1.500000,0.000000,1.500000,3.000000,3.000000,3.000000,3.000000,3.000000,3.000000,0.010420,0.018323,0.215896,0.325678,calls/second,milliseconds
1778145090,2,3.000000,1.500000,0.000000,1.500000,3.000000,3.000000,3.000000,3.000000,3.000000,3.000000,0.010366,0.018323,0.215896,0.325678,calls/second,milliseconds
1778145091,2,3.000000,1.500000,0.000000,1.500000,3.000000,3.000000,3.000000,3.000000,3.000000,3.000000,0.010312,0.018323,0.215896,0.325678,calls/second,milliseconds
1778145092,2,3.000000,1.500000,0.000000,1.500000,3.000000,3.000000,3.000000,3.000000,3.000000,3.000000,0.010259,0.018323,0.215896,0.325678,calls/second,milliseconds
1778145093,2,3.000000,1.500000,0.000000,1.500000,3.000000,3.000000,3.000000,3.000000,3.000000,3.000000,0.010207,0.016858,0.212328,0.323874,calls/second,milliseconds
1778145094,2,3.000000,1.500000,0.000000,1.500000,3.000000,3.000000,3.000000,3.000000,3.000000,3.000000,0.010155,0.016858,0.212328,0.323874,calls/second,milliseconds
1778145095,2,3.000000,1.500000,0.000000,1.500000,3.000000,3.000000,3.000000,3.000000,3.000000,3.000000,0.010103,0.016858,0.212328,0.323874,calls/second,milliseconds
1778145096,2,3.000000,1.500000,0.000000,1.500000,3.000000,3.000000,3.000000,3.000000,3.000000,3.000000,0.010053,0.016858,0.212328,0.323874,calls/second,milliseconds
1778145097,2,3.000000,1.500000,0.000000,1.500000,3.000000,3.000000,3.000000,3.000000,3.000000,3.000000,0.010002,0.016858,0.212328,0.323874,calls/second,milliseconds
1778145098,2,3.000000,1.500000,0.000000,1.500000,3.000000,3.000000,3.000000,3.000000,3.000000,3.000000,0.009952,0.015510,0.208818,0.322079,calls/second,milliseconds
1778145099,2,3.000000,1.500000,0.000000,1.500000,3.000000,3.000000,3.000000,3.000000,3.000000,3.000000,0.009903,0.015510,0.208818,0.322079,calls/second,milliseconds
1778145100,2,3.000000,1.500000,0.000000,1.500000,3.000000,3.000000,3.000000,3.000000,3.000000,3.000000,0.009854,0.015510,0.208818,0.322079,calls/second,milliseconds
1778145101,2,3.000000,1.500000,0.000000,1.500000,3.000000,3.000000,3.000000,3.000000,3.000000,3.000000,0.009806,0.015510,0.208818,0.322079,calls/second,milliseconds
1778145102,2,3.000000,1.500000,0.000000,1.500000,3.000000,3.000000,3.000000,3.000000,3.000000,3.000000,0.009758,0.015510,0.208818,0.322079,calls/second,milliseconds
1778145103,2,3.000000,1.500000,0.000000,1.500000,3.000000,3.000000,3.000000,3.000000,3.000000,3.000000,0.009710,0.014270,0.205367,0.320295,calls/second,milliseconds
1778145104,2,3.000000,1.500000,0.000000,1.500000,3.000000,3.000000,3.000000,3.000000,3.000000,3.000000,0.009663,0.014270,0.205367,0.320295,calls/second,milliseconds
1778145105,2,3.000000,1.500000,0.000000,1.500000,3.000000,3.000000,3.000000,3.000000,3.000000,3.000000,0.009617,0.014270,0.205367,0.320295,calls/second,milliseconds
1778145106,2,3.000000,1.500000,0.000000,1.500000,3.000000,3.000000,3.000000,3.000000,3.000000,3.000000,0.009571,0.014270,0.205367,0.320295,calls/second,milliseconds
1778145107,2,3.000000,1.500000,0.000000,1.500000,3.000000,3.000000,3.000000,3.000000,3.000000,3.000000,0.009525,0.014270,0.205367,0.320295,calls/second,milliseconds
1778145108,2,3.000000,1.500000,0.000000,1.500000,3.000000,3.000000,3.000000,3.000000,3.000000,3.000000,0.009480,0.013129,0.201972,0.318520,calls/second,milliseconds
1778145109,2,3.000000,1.500000,0.000000,1.500000,3.000000,3.000000,3.000000,3.000000,3.000000,3.000000,0.009435,0.013129,0.201972,0.318520,calls/second,milliseconds
1778145110,2,3.000000,1.500000,0.000000,1.500000,3.000000,3.000000,3.000000,3.000000,3.000000,3.000000,0.009391,0.013129,0.201972,0.318520,calls/second,milliseconds
1778145111,2,3.000000,1.500000,0.000000,1.500000,3.000000,3.000000,3.000000,3.000000,3.000000,3.000000,0.009347,0.013129,0.201972,0.318520,calls/second,milliseconds
1778145112,2,3.000000,1.500000,0.000000,1.500000,3.000000,3.000000,3.000000,3.000000,3.000000,3.000000,0.009303,0.013129,0.201972,0.318520,calls/second,milliseconds
1778145113,2,3.000000,1.500000,0.000000,1.500000,3.000000,3.000000,3.000000,3.000000,3.000000,3.000000,0.009260,0.012079,0.198634,0.316756,calls/second,milliseconds
1778145114,2,3.000000,1.500000,0.000000,1.500000,3.000000,3.000000,3.000000,3.000000,3.000000,3.000000,0.009217,0.012079,0.198634,0.316756,calls/second,milliseconds
1778145115,2,3.000000,1.500000,0.000000,1.500000,3.000000,3.000000,3.000000,3.000000,3.000000,3.000000,0.009175,0.012079,0.198634,0.316756,calls/second,milliseconds
1778145116,2,3.000000,1.500000,0.000000,1.500000,3.000000,3.000000,3.000000,3.000000,3.000000,3.000000,0.009133,0.012079,0.198634,0.316756,calls/second,milliseconds
1778145117,2,3.000000,1.500000,0.000000,1.500000,3.000000,3.000000,3.000000,3.000000,3.000000,3.000000,0.009091,0.012079,0.198634,0.316756,calls/second,milliseconds
1778145118,2,3.000000,1.500000,0.000000,1.500000,3.000000,3.000000,3.000000,3.000000,3.000000,3.000000,0.009050,0.011113,0.195351,0.315001,calls/second,milliseconds
1778145119,2,3.000000,1.500000,0.000000,1.500000,3.000000,3.000000,3.000000,3.000000,3.000000,3.000000,0.009009,0.011113,0.195351,0.315001,calls/second,milliseconds
1778145120,2,3.000000,1.500000,0.000000,1.500000,3.000000,3.000000,3.000000,3.000000,3.000000,3.000000,0.008969,0.011113,0.195351,0.315001,calls/second,milliseconds
1778145121,2,3.000000,1.500000,0.000000,1.500000,3.000000,3.000000,3.000000,3.000000,3.000000,3.000000,0.008929,0.011113,0.195351,0.315001,calls/second,milliseconds
1778145122,2,3.000000,1.500000,0.000000,1.500000,3.000000,3.000000,3.000000,3.000000,3.000000,3.000000,0.008889,0.011113,0.195351,0.315001,calls/second,milliseconds
1778145123,2,3.000000,1.500000,0.000000,1.500000,3.000000,3.000000,3.000000,3.000000,3.000000,3.000000,0.008850,0.010225,0.192122,0.313256,calls/second,milliseconds
1778145124,2,3.000000,1.500000,0.000000,1.500000,3.000000,3.000000,3.000000,3.000000,3.000000,3.000000,0.008811,0.010225,0.192122,0.313256,calls/second,milliseconds
1778145125,2,3.000000,1.500000,0.000000,1.500000,3.000000,3.000000,3.000000,3.000000,3.000000,3.000000,0.008772,0.010225,0.192122,0.313256,calls/second,milliseconds
1778145126,2,3.000000,1.500000,0.000000,1.500000,3.000000,3.000000,3.000000,3.000000,3.000000,3.000000,0.008734,0.010225,0.192122,0.313256,calls/second,milliseconds
1778145127,2,3.000000,1.500000,0.000000,1.500000,3.000000,3.000000,3.000000,3.000000,3.000000,3.000000,0.008696,0.009407,0.188947,0.311520,calls/second,milliseconds
1778145128,2,3.000000,1.500000,0.000000,1.500000,3.000000,3.000000,3.000000,3.000000,3.000000,3.000000,0.008658,0.009407,0.188947,0.311520,calls/second,milliseconds
1778145129,2,3.000000,1.500000,0.000000,1.500000,3.000000,3.000000,3.000000,3.000000,3.000000,3.000000,0.008621,0.009407,0.188947,0.311520,calls/second,milliseconds
1778145130,2,3.000000,1.500000,0.000000,1.500000,3.000000,3.000000,3.000000,3.000000,3.000000,3.000000,0.008583,0.009407,0.188947,0.311520,calls/second,milliseconds
1778145131,2,3.000000,1.500000,0.000000,1.500000,3.000000,3.000000,3.000000,3.000000,3.000000,3.000000,0.008547,0.009407,0.188947,0.311520,calls/second,milliseconds
1778145132,2,3.000000,1.500000,0.000000,1.500000,3.000000,3.000000,3.000000,3.000000,3.000000,3.000000,0.008510,0.008655,0.185824,0.309794,calls/second,milliseconds
1778145133,2,3.000000,1.500000,0.000000,1.500000,3.000000,3.000000,3.000000,3.000000,3.000000,3.000000,0.008474,0.008655,0.185824,0.309794,calls/second,milliseconds
1778145134,2,3.000000,1.500000,0.000000,1.500000,3.000000,3.000000,3.000000,3.000000,3.000000,3.000000,0.008438,0.008655,0.185824,0.309794,calls/second,milliseconds
1778145135,2,3.000000,1.500000,0.000000,1.500000,3.000000,3.000000,3.000000,3.000000,3.000000,3.000000,0.008403,0.008655,0.185824,0.309794,calls/second,milliseconds
1778145136,2,3.000000,1.500000,0.000000,1.500000,3.000000,3.000000,3.000000,3.000000,3.000000,3.000000,0.008368,0.008655,0.185824,0.309794,calls/second,milliseconds
1778145137,2,3.000000,1.500000,0.000000,1.500000,3.000000,3.000000,3.000000,3.000000,3.000000,3.000000,0.008333,0.007963,0.182752,0.308078,calls/second,milliseconds
1778145138,2,3.000000,1.500000,0.000000,1.500000,3.000000,3.000000,3.000000,3.000000,3.000000,3.000000,0.008298,0.007963,0.182752,0.308078,calls/second,milliseconds
1778145139,2,3.000000,1.500000,0.000000,1.500000,3.000000,3.000000,3.000000,3.000000,3.000000,3.000000,0.008264,0.007963,0.182752,0.308078,calls/second,milliseconds
1778145140,2,3.000000,1.500000,0.000000,1.500000,3.000000,3.000000,3.000000,3.000000,3.000000,3.000000,0.008230,0.007963,0.182752,0.308078,calls/second,milliseconds
1778145141,2,3.000000,1.500000,0.000000,1.500000,3.000000,3.000000,3.000000,3.000000,3.000000,3.000000,0.008196,0.007963,0.182752,0.308078,calls/second,milliseconds
1778145142,2,3.000000,1.500000,0.000000,1.500000,3.000000,3.000000,3.000000,3.000000,3.000000,3.000000,0.008162,0.007326,0.179732,0.306371,calls/second,milliseconds
1778145143,2,3.000000,1.500000,0.000000,1.500000,3.000000,3.000000,3.000000,3.000000,3.000000,3.000000,0.008129,0.007326,0.179732,0.306371,calls/second,milliseconds
1778145144,2,3.000000,1.500000,0.000000,1.500000,3.000000,3.000000,3.000000,3.000000,3.000000,3.000000,0.008096,0.007326,0.179732,0.306371,calls/second,milliseconds
1778145145,2,3.000000,1.500000,0.000000,1.500000,3.000000,3.000000,3.000000,3.000000,3.000000,3.000000,0.008063,0.007326,0.179732,0.306371,calls/second,milliseconds
1778145146,2,3.000000,1.500000,0.000000,1.500000,3.000000,3.000000,3.000000,3.000000,3.000000,3.000000,0.008031,0.007326,0.179732,0.306371,calls/second,milliseconds
1778145147,2,3.000000,1.500000,0.000000,1.500000,3.000000,3.000000,3.000000,3.000000,3.000000,3.000000,0.007999,0.006740,0.176761,0.304674,calls/second,milliseconds
1778145148,2,3.000000,1.500000,0.000000,1.500000,3.000000,3.000000,3.000000,3.000000,3.000000,3.000000,0.007967,0.006740,0.176761,0.304674,calls/second,milliseconds
1778145149,2,3.000000,1.500000,0.000000,1.500000,3.000000,3.000000,3.000000,3.000000,3.000000,3.000000,0.007935,0.006740,0.176761,0.304674,calls/second,milliseconds
1778145150,2,3.000000,1.500000,0.000000,1.500000,3.000000,3.000000,3.000000,3.000000,3.000000,3.000000,0.007904,0.006740,0.176761,0.304674,calls/second,milliseconds
1778145151,2,3.000000,1.500000,0.000000,1.500000,3.000000,3.000000,3.000000,3.000000,3.000000,3.000000,0.007873,0.006740,0.176761,0.304674,calls/second,milliseconds
1778145152,2,3.000000,1.500000,0.000000,1.500000,3.000000,3.000000,3.000000,3.000000,3.000000,3.000000,0.007842,0.006202,0.173839,0.302986,calls/second,milliseconds
1778145153,2,3.000000,1.500000,0.000000,1.500000,3.000000,3.000000,3.000000,3.000000,3.000000,3.000000,0.007811,0.006202,0.173839,0.302986,calls/second,milliseconds
1778145154,2,3.000000,1.500000,0.000000,1.500000,3.000000,3.000000,3.000000,3.000000,3.000000,3.000000,0.007781,0.006202,0.173839,0.302986,calls/second,milliseconds
1778145155,2,3.000000,1.500000,0.000000,1.500000,3.000000,3.000000,3.000000,3.000000,3.000000,3.000000,0.007750,0.006202,0.173839,0.302986,calls/second,milliseconds
1778145156,2,3.000000,1.500000,0.000000,1.500000,3.000000,3.000000,3.000000,3.000000,3.000000,3.000000,0.007720,0.006202,0.173839,0.302986,calls/second,milliseconds
1778145157,2,3.000000,1.500000,0.000000,1.500000,3.000000,3.000000,3.000000,3.000000,3.000000,3.000000,0.007691,0.005706,0.170966,0.301307,calls/second,milliseconds
1778145158,2,3.000000,1.500000,0.000000,1.500000,3.000000,3.000000,3.000000,3.000000,3.000000,3.000000,0.007661,0.005706,0.170966,0.301307,calls/second,milliseconds
1778145159,2,3.000000,1.500000,0.000000,1.500000,3.000000,3.000000,3.000000,3.000000,3.000000,3.000000,0.007632,0.005706,0.170966,0.301307,calls/second,milliseconds
1778145160,2,3.000000,1.500000,0.000000,1.500000,3.000000,3.000000,3.000000,3.000000,3.000000,3.000000,0.007603,0.005706,0.170966,0.301307,calls/second,milliseconds
1778145161,2,3.000000,1.500000,0.000000,1.500000,3.000000,3.000000,3.000000,3.000000,3.000000,3.000000,0.007574,0.005706,0.170966,0.301307,calls/second,milliseconds
1778145162,2,3.000000,1.500000,0.000000,1.500000,3.000000,3.000000,3.000000,3.000000,3.000000,3.000000,0.007545,0.005249,0.168140,0.299638,calls/second,milliseconds
1778145163,2,3.000000,1.500000,0.000000,1.500000,3.000000,3.000000,3.000000,3.000000,3.000000,3.000000,0.007517,0.005249,0.168140,0.299638,calls/second,milliseconds
1778145164,2,3.000000,1.500000,0.000000,1.500000,3.000000,3.000000,3.000000,3.000000,3.000000,3.000000,0.007489,0.005249,0.168140,0.299638,calls/second,milliseconds
1778145165,2,3.000000,1.500000,0.000000,1.500000,3.000000,3.000000,3.000000,3.000000,3.000000,3.000000,0.007461,0.005249,0.168140,0.299638,calls/second,milliseconds
1778145166,2,3.000000,1.500000,0.000000,1.500000,3.000000,3.000000,3.000000,3.000000,3.000000,3.000000,0.007433,0.005249,0.168140,0.299638,calls/second,milliseconds
1778145167,2,3.000000,1.500000,0.000000,1.500000,3.000000,3.000000,3.000000,3.000000,3.000000,3.000000,0.007406,0.004830,0.165361,0.297978,calls/second,milliseconds
1778145168,2,3.000000,1.500000,0.000000,1.500000,3.000000,3.000000,3.000000,3.000000,3.000000,3.000000,0.007378,0.004830,0.165361,0.297978,calls/second,milliseconds
1778145169,2,3.000000,1.500000,0.000000,1.500000,3.000000,3.000000,3.000000,3.000000,3.000000,3.000000,0.007351,0.004830,0.165361,0.297978,calls/second,milliseconds
1778145170,2,3.000000,1.500000,0.000000,1.500000,3.000000,3.000000,3.000000,3.000000,3.000000,3.000000,0.007324,0.004830,0.165361,0.297978,calls/second,milliseconds
1778145171,2,3.000000,1.500000,0.000000,1.500000,3.000000,3.000000,3.000000,3.000000,3.000000,3.000000,0.007297,0.004830,0.165361,0.297978,calls/second,milliseconds
1778145172,2,3.000000,1.500000,0.000000,1.500000,3.000000,3.000000,3.000000,3.000000,3.000000,3.000000,0.007271,0.004444,0.162628,0.296327,calls/second,milliseconds
1778145173,2,3.000000,1.500000,0.000000,1.500000,3.000000,3.000000,3.000000,3.000000,3.000000,3.000000,0.007244,0.004444,0.162628,0.296327,calls/second,milliseconds
1778145174,2,3.000000,1.500000,0.000000,1.500000,3.000000,3.000000,3.000000,3.000000,3.000000,3.000000,0.007218,0.004444,0.162628,0.296327,calls/second,milliseconds
1778145175,2,3.000000,1.500000,0.000000,1.500000,3.000000,3.000000,3.000000,3.000000,3.000000,3.000000,0.007192,0.004444,0.162628,0.296327,calls/second,milliseconds
1778145176,2,3.000000,1.500000,0.000000,1.500000,3.000000,3.000000,3.000000,3.000000,3.000000,3.000000,0.007166,0.004444,0.162628,0.296327,calls/second,milliseconds
1778145177,2,3.000000,1.500000,0.000000,1.500000,3.000000,3.000000,3.000000,3.000000,3.000000,3.000000,0.007141,0.004088,0.159940,0.294686,calls/second,milliseconds
1778145178,2,3.000000,1.500000,0.000000,1.500000,3.000000,3.000000,3.000000,3.000000,3.000000,3.000000,0.007115,0.004088,0.159940,0.294686,calls/second,milliseconds
1778145179,2,3.000000,1.500000,0.000000,1.500000,3.000000,3.000000,3.000000,3.000000,3.000000,3.000000,0.007090,0.004088,0.159940,0.294686,calls/second,milliseconds
1778145180,2,3.000000,1.500000,0.000000,1.500000,3.000000,3.000000,3.000000,3.000000,3.000000,3.000000,0.007065,0.004088,0.159940,0.294686,calls/second,milliseconds
1778145181,2,3.000000,1.500000,0.000000,1.500000,3.000000,3.000000,3.000000,3.000000,3.000000,3.000000,0.007040,0.004088,0.159940,0.294686,calls/second,milliseconds
1778145182,2,3.000000,1.500000,0.000000,1.500000,3.000000,3.000000,3.000000,3.000000,3.000000,3.000000,0.007015,0.003761,0.157296,0.293053,calls/second,milliseconds
1778145183,2,3.000000,1.500000,0.000000,1.500000,3.000000,3.000000,3.000000,3.000000,3.000000,3.000000,0.006991,0.003761,0.157296,0.293053,calls/second,milliseconds
1778145184,2,3.000000,1.500000,0.000000,1.500000,3.000000,3.000000,3.000000,3.000000,3.000000,3.000000,0.006966,0.003761,0.157296,0.293053,calls/second,milliseconds
1778145185,2,3.000000,1.500000,0.000000,1.500000,3.000000,3.000000,3.000000,3.000000,3.000000,3.000000,0.006942,0.003761,0.157296,0.293053,calls/second,milliseconds
1778145186,2,3.000000,1.500000,0.000000,1.500000,3.000000,3.000000,3.000000,3.000000,3.000000,3.000000,0.006918,0.003761,0.157296,0.293053,calls/second,milliseconds
1778145187,2,3.000000,1.500000,0.000000,1.500000,3.000000,3.000000,3.000000,3.000000,3.000000,3.000000,0.006894,0.003461,0.154696,0.291429,calls/second,milliseconds
1778145188,2,3.000000,1.500000,0.000000,1.500000,3.000000,3.000000,3.000000,3.000000,3.000000,3.000000,0.006871,0.003461,0.154696,0.291429,calls/second,milliseconds
1778145189,2,3.000000,1.500000,0.000000,1.500000,3.000000,3.000000,3.000000,3.000000,3.000000,3.000000,0.006847,0.003461,0.154696,0.291429,calls/second,milliseconds
1778145190,2,3.000000,1.500000,0.000000,1.500000,3.000000,3.000000,3.000000,3.000000,3.000000,3.000000,0.006824,0.003461,0.154696,0.291429,calls/second,milliseconds
1778145191,2,3.000000,1.500000,0.000000,1.500000,3.000000,3.000000,3.000000,3.000000,3.000000,3.000000,0.006800,0.003461,0.154696,0.291429,calls/second,milliseconds
1778145192,2,3.000000,1.500000,0.000000,1.500000,3.000000,3.000000,3.000000,3.000000,3.000000,3.000000,0.006777,0.003184,0.152140,0.289815,calls/second,milliseconds
1778145193,2,3.000000,1.500000,0.000000,1.500000,3.000000,3.000000,3.000000,3.000000,3.000000,3.000000,0.006754,0.003184,0.152140,0.289815,calls/second,milliseconds
1778145194,2,3.000000,1.500000,0.000000,1.500000,3.000000,3.000000,3.000000,3.000000,3.000000,3.000000,0.006732,0.003184,0.152140,0.289815,calls/second,milliseconds
1778145195,2,3.000000,1.500000,0.000000,1.500000,3.000000,3.000000,3.000000,3.000000,3.000000,3.000000,0.006709,0.003184,0.152140,0.289815,calls/second,milliseconds
1778145196,2,3.000000,1.500000,0.000000,1.500000,3.000000,3.000000,3.000000,3.000000,3.000000,3.000000,0.006687,0.003184,0.152140,0.289815,calls/second,milliseconds
1778145197,2,3.000000,1.500000,0.000000,1.500000,3.000000,3.000000,3.000000,3.000000,3.000000,3.000000,0.006664,0.002929,0.149625,0.288209,calls/second,milliseconds
1778145198,2,3.000000,1.500000,0.000000,1.500000,3.000000,3.000000,3.000000,3.000000,3.000000,3.000000,0.006642,0.002929,0.149625,0.288209,calls/second,milliseconds
1778145199,2,3.000000,1.500000,0.000000,1.500000,3.000000,3.000000,3.000000,3.000000,3.000000,3.000000,0.006620,0.002929,0.149625,0.288209,calls/second,milliseconds
1778145200,2,3.000000,1.500000,0.000000,1.500000,3.000000,3.000000,3.000000,3.000000,3.000000,3.000000,0.006598,0.002929,0.149625,0.288209,calls/second,milliseconds
1778145201,2,3.000000,1.500000,0.000000,1.500000,3.000000,3.000000,3.000000,3.000000,3.000000,3.000000,0.006576,0.002929,0.149625,0.288209,calls/second,milliseconds
1778145202,2,3.000000,1.500000,0.000000,1.500000,3.000000,3.000000,3.000000,3.000000,3.000000,3.000000,0.006555,0.002695,0.147152,0.286613,calls/second,milliseconds
1778145203,2,3.000000,1.500000,0.000000,1.500000,3.000000,3.000000,3.000000,3.000000,3.000000,3.000000,0.006533,0.002695,0.147152,0.286613,calls/second,milliseconds
1778145204,2,3.000000,1.500000,0.000000,1.500000,3.000000,3.000000,3.000000,3.000000,3.000000,3.000000,0.006512,0.002695,0.147152,0.286613,calls/second,milliseconds
1778145205,2,3.000000,1.500000,0.000000,1.500000,3.000000,3.000000,3.000000,3.000000,3.000000,3.000000,0.006491,0.002695,0.147152,0.286613,calls/second,milliseconds
1778145206,2,3.000000,1.500000,0.000000,1.500000,3.000000,3.000000,3.000000,3.000000,3.000000,3.000000,0.006470,0.002695,0.147152,0.286613,calls/second,milliseconds
1778145207,2,3.000000,1.500000,0.000000,1.500000,3.000000,3.000000,3.000000,3.000000,3.000000,3.000000,0.006449,0.002480,0.144720,0.285025,calls/second,milliseconds
1778145208,2,3.000000,1.500000,0.000000,1.500000,3.000000,3.000000,3.000000,3.000000,3.000000,3.000000,0.006428,0.002480,0.144720,0.285025,calls/second,milliseconds
1778145209,2,3.000000,1.500000,0.000000,1.500000,3.000000,3.000000,3.000000,3.000000,3.000000,3.000000,0.006408,0.002480,0.144720,0.285025,calls/second,milliseconds
1778145210,2,3.000000,1.500000,0.000000,1.500000,3.000000,3.000000,3.000000,3.000000,3.000000,3.000000,0.006387,0.002480,0.144720,0.285025,calls/second,milliseconds
1778145211,2,3.000000,1.500000,0.000000,1.500000,3.000000,3.000000,3.000000,3.000000,3.000000,3.000000,0.006367,0.002480,0.144720,0.285025,calls/second,milliseconds
1778145212,2,3.000000,1.500000,0.000000,1.500000,3.000000,3.000000,3.000000,3.000000,3.000000,3.000000,0.006347,0.002281,0.142328,0.283446,calls/second,milliseconds
1778145213,2,3.000000,1.500000,0.000000,1.500000,3.000000,3.000000,3.000000,3.000000,3.000000,3.000000,0.006326,0.002281,0.142328,0.283446,calls/second,milliseconds
1778145214,2,3.000000,1.500000,0.000000,1.500000,3.000000,3.000000,3.000000,3.000000,3.000000,3.000000,0.006306,0.002281,0.142328,0.283446,calls/second,milliseconds
1778145215,2,3.000000,1.500000,0.000000,1.500000,3.000000,3.000000,3.000000,3.000000,3.000000,3.000000,0.006287,0.002281,0.142328,0.283446,calls/second,milliseconds
1778145216,2,3.000000,1.500000,0.000000,1.500000,3.000000,3.000000,3.000000,3.000000,3.000000,3.000000,0.006267,0.002281,0.142328,0.283446,calls/second,milliseconds
1778145217,2,3.000000,1.500000,0.000000,1.500000,3.000000,3.000000,3.000000,3.000000,3.000000,3.000000,0.006247,0.002099,0.139975,0.281875,calls/second,milliseconds
1778145218,2,3.000000,1.500000,0.000000,1.500000,3.000000,3.000000,3.000000,3.000000,3.000000,3.000000,0.006228,0.002099,0.139975,0.281875,calls/second,milliseconds
1778145219,2,3.000000,1.500000,0.000000,1.500000,3.000000,3.000000,3.000000,3.000000,3.000000,3.000000,0.006208,0.002099,0.139975,0.281875,calls/second,milliseconds
1778145220,2,3.000000,1.500000,0.000000,1.500000,3.000000,3.000000,3.000000,3.000000,3.000000,3.000000,0.006189,0.002099,0.139975,0.281875,calls/second,milliseconds
1778145221,2,3.000000,1.500000,0.000000,1.500000,3.000000,3.000000,3.000000,3.000000,3.000000,3.000000,0.006170,0.002099,0.139975,0.281875,calls/second,milliseconds
1778145222,2,3.000000,1.500000,0.000000,1.500000,3.000000,3.000000,3.000000,3.000000,3.000000,3.000000,0.006151,0.001931,0.137662,0.280314,calls/second,milliseconds
1778145223,2,3.000000,1.500000,0.000000,1.500000,3.000000,3.000000,3.000000,3.000000,3.000000,3.000000,0.006132,0.001931,0.137662,0.280314,calls/second,milliseconds
1778145224,2,3.000000,1.500000,0.000000,1.500000,3.000000,3.000000,3.000000,3.000000,3.000000,3.000000,0.006113,0.001931,0.137662,0.280314,calls/second,milliseconds
1778145225,2,3.000000,1.500000,0.000000,1.500000,3.000000,3.000000,3.000000,3.000000,3.000000,3.000000,0.006095,0.001931,0.137662,0.280314,calls/second,milliseconds
1778145226,2,3.000000,1.500000,0.000000,1.500000,3.000000,3.000000,3.000000,3.000000,3.000000,3.000000,0.006076,0.001931,0.137662,0.280314,calls/second,milliseconds
1778145227,2,3.000000,1.500000,0.000000,1.500000,3.000000,3.000000,3.000000,3.000000,3.000000,3.000000,0.006058,0.001777,0.135386,0.278761,calls/second,milliseconds
1778145228,2,3.000000,1.500000,0.000000,1.500000,3.000000,3.000000,3.000000,3.000000,3.000000,3.000000,0.006039,0.001777,0.135386,0.278761,calls/second,milliseconds
1778145229,2,3.000000,1.500000,0.000000,1.500000,3.000000,3.000000,3.000000,3.000000,3.000000,3.000000,0.006021,0.001777,0.135386,0.278761,calls/second,milliseconds
1778145230,2,3.000000,1.500000,0.000000,1.500000,3.000000,3.000000,3.000000,3.000000,3.000000,3.000000,0.006003,0.001777,0.135386,0.278761,calls/second,milliseconds
1778145231,2,3.000000,1.500000,0.000000,1.500000,3.000000,3.000000,3.000000,3.000000,3.000000,3.000000,0.005985,0.001777,0.135386,0.278761,calls/second,milliseconds
1778145232,2,3.000000,1.500000,0.000000,1.500000,3.000000,3.000000,3.000000,3.000000,3.000000,3.000000,0.005967,0.001635,0.133148,0.277216,calls/second,milliseconds
1778145233,2,3.000000,1.500000,0.000000,1.500000,3.000000,3.000000,3.000000,3.000000,3.000000,3.000000,0.005949,0.001635,0.133148,0.277216,calls/second,milliseconds
1778145234,2,3.000000,1.500000,0.000000,1.500000,3.000000,3.000000,3.000000,3.000000,3.000000,3.000000,0.005932,0.001635,0.133148,0.277216,calls/second,milliseconds
1778145235,2,3.000000,1.500000,0.000000,1.500000,3.000000,3.000000,3.000000,3.000000,3.000000,3.000000,0.005914,0.001635,0.133148,0.277216,calls/second,milliseconds
1778145236,2,3.000000,1.500000,0.000000,1.500000,3.000000,3.000000,3.000000,3.000000,3.000000,3.000000,0.005897,0.001635,0.133148,0.277216,calls/second,milliseconds
1778145237,2,3.000000,1.500000,0.000000,1.500000,3.000000,3.000000,3.000000,3.000000,3.000000,3.000000,0.005879,0.001504,0.130948,0.275680,calls/second,milliseconds
1778145238,2,3.000000,1.500000,0.000000,1.500000,3.000000,3.000000,3.000000,3.000000,3.000000,3.000000,0.005862,0.001504,0.130948,0.275680,calls/second,milliseconds
1778145239,2,3.000000,1.500000,0.000000,1.500000,3.000000,3.000000,3.000000,3.000000,3.000000,3.000000,0.005845,0.001504,0.130948,0.275680,calls/second,milliseconds
1778145240,2,3.000000,1.500000,0.000000,1.500000,3.000000,3.000000,3.000000,3.000000,3.000000,3.000000,0.005828,0.001504,0.130948,0.275680,calls/second,milliseconds
1778145241,2,3.000000,1.500000,0.000000,1.500000,3.000000,3.000000,3.000000,3.000000,3.000000,3.000000,0.005811,0.001504,0.130948,0.275680,calls/second,milliseconds
1778145242,2,3.000000,1.500000,0.000000,1.500000,3.000000,3.000000,3.000000,3.000000,3.000000,3.000000,0.005794,0.001384,0.128783,0.274153,calls/second,milliseconds
1778145243,2,3.000000,1.500000,0.000000,1.500000,3.000000,3.000000,3.000000,3.000000,3.000000,3.000000,0.005777,0.001384,0.128783,0.274153,calls/second,milliseconds
1778145244,2,3.000000,1.500000,0.000000,1.500000,3.000000,3.000000,3.000000,3.000000,3.000000,3.000000,0.005761,0.001384,0.128783,0.274153,calls/second,milliseconds
1778145245,2,3.000000,1.500000,0.000000,1.500000,3.000000,3.000000,3.000000,3.000000,3.000000,3.000000,0.005744,0.001384,0.128783,0.274153,calls/second,milliseconds
1778145246,2,3.000000,1.500000,0.000000,1.500000,3.000000,3.000000,3.000000,3.000000,3.000000,3.000000,0.005728,0.001384,0.128783,0.274153,calls/second,milliseconds
1778145247,2,3.000000,1.500000,0.000000,1.500000,3.000000,3.000000,3.000000,3.000000,3.000000,3.000000,0.005711,0.001273,0.126655,0.272634,calls/second,milliseconds
1778145248,2,3.000000,1.500000,0.000000,1.500000,3.000000,3.000000,3.000000,3.000000,3.000000,3.000000,0.005695,0.001273,0.126655,0.272634,calls/second,milliseconds
1778145249,2,3.000000,1.500000,0.000000,1.500000,3.000000,3.000000,3.000000,3.000000,3.000000,3.000000,0.005679,0.001273,0.126655,0.272634,calls/second,milliseconds
1778145250,2,3.000000,1.500000,0.000000,1.500000,3.000000,3.000000,3.000000,3.000000,3.000000,3.000000,0.005663,0.001273,0.126655,0.272634,calls/second,milliseconds
1778145251,2,3.000000,1.500000,0.000000,1.500000,3.000000,3.000000,3.000000,3.000000,3.000000,3.000000,0.005647,0.001273,0.126655,0.272634,calls/second,milliseconds
1778145252,2,3.000000,1.500000,0.000000,1.500000,3.000000,3.000000,3.000000,3.000000,3.000000,3.000000,0.005631,0.001171,0.124561,0.271124,calls/second,milliseconds
1778145253,2,3.000000,1.500000,0.000000,1.500000,3.000000,3.000000,3.000000,3.000000,3.000000,3.000000,0.005615,0.001171,0.124561,0.271124,calls/second,milliseconds
1778145254,2,3.000000,1.500000,0.000000,1.500000,3.000000,3.000000,3.000000,3.000000,3.000000,3.000000,0.005599,0.001171,0.124561,0.271124,calls/second,milliseconds
1778145255,2,3.000000,1.500000,0.000000,1.500000,3.000000,3.000000,3.000000,3.000000,3.000000,3.000000,0.005584,0.001171,0.124561,0.271124,calls/second,milliseconds
1778145256,2,3.000000,1.500000,0.000000,1.500000,3.000000,3.000000,3.000000,3.000000,3.000000,3.000000,0.005568,0.001171,0.124561,0.271124,calls/second,milliseconds
1778145257,2,3.000000,1.500000,0.000000,1.500000,3.000000,3.000000,3.000000,3.000000,3.000000,3.000000,0.005552,0.001078,0.122502,0.269622,calls/second,milliseconds
1778145258,2,3.000000,1.500000,0.000000,1.500000,3.000000,3.000000,3.000000,3.000000,3.000000,3.000000,0.005537,0.001078,0.122502,0.269622,calls/second,milliseconds
1778145259,2,3.000000,1.500000,0.000000,1.500000,3.000000,3.000000,3.000000,3.000000,3.000000,3.000000,0.005522,0.001078,0.122502,0.269622,calls/second,milliseconds
1778145260,2,3.000000,1.500000,0.000000,1.500000,3.000000,3.000000,3.000000,3.000000,3.000000,3.000000,0.005507,0.001078,0.122502,0.269622,calls/second,milliseconds
1778145261,2,3.000000,1.500000,0.000000,1.500000,3.000000,3.000000,3.000000,3.000000,3.000000,3.000000,0.005491,0.001078,0.122502,0.269622,calls/second,milliseconds
1778145262,2,3.000000,1.500000,0.000000,1.500000,3.000000,3.000000,3.000000,3.000000,3.000000,3.000000,0.005476,0.000992,0.120478,0.268128,calls/second,milliseconds
1778145263,2,3.000000,1.500000,0.000000,1.500000,3.000000,3.000000,3.000000,3.000000,3.000000,3.000000,0.005461,0.000992,0.120478,0.268128,calls/second,milliseconds
1778145264,2,3.000000,1.500000,0.000000,1.500000,3.000000,3.000000,3.000000,3.000000,3.000000,3.000000,0.005446,0.000992,0.120478,0.268128,calls/second,milliseconds
1778145265,2,3.000000,1.500000,0.000000,1.500000,3.000000,3.000000,3.000000,3.000000,3.000000,3.000000,0.005432,0.000992,0.120478,0.268128,calls/second,milliseconds
1778145266,2,3.000000,1.500000,0.000000,1.500000,3.000000,3.000000,3.000000,3.000000,3.000000,3.000000,0.005417,0.000992,0.120478,0.268128,calls/second,milliseconds
1778145267,2,3.000000,1.500000,0.000000,1.500000,3.000000,3.000000,3.000000,3.000000,3.000000,3.000000,0.005402,0.000912,0.118486,0.266643,calls/second,milliseconds
1778145268,2,3.000000,1.500000,0.000000,1.500000,3.000000,3.000000,3.000000,3.000000,3.000000,3.000000,0.005388,0.000912,0.118486,0.266643,calls/second,milliseconds
1778145269,2,3.000000,1.500000,0.000000,1.500000,3.000000,3.000000,3.000000,3.000000,3.000000,3.000000,0.005373,0.000912,0.118486,0.266643,calls/second,milliseconds
1778145270,2,3.000000,1.500000,0.000000,1.500000,3.000000,3.000000,3.000000,3.000000,3.000000,3.000000,0.005359,0.000912,0.118486,0.266643,calls/second,milliseconds
1778145271,2,3.000000,1.500000,0.000000,1.500000,3.000000,3.000000,3.000000,3.000000,3.000000,3.000000,0.005344,0.000912,0.118486,0.266643,calls/second,milliseconds
1778145272,2,3.000000,1.500000,0.000000,1.500000,3.000000,3.000000,3.000000,3.000000,3.000000,3.000000,0.005330,0.000839,0.116528,0.265165,calls/second,milliseconds
1778145273,2,3.000000,1.500000,0.000000,1.500000,3.000000,3.000000,3.000000,3.000000,3.000000,3.000000,0.005316,0.000839,0.116528,0.265165,calls/second,milliseconds
1778145274,2,3.000000,1.500000,0.000000,1.500000,3.000000,3.000000,3.000000,3.000000,3.000000,3.000000,0.005302,0.000839,0.116528,0.265165,calls/second,milliseconds
1778145275,2,3.000000,1.500000,0.000000,1.500000,3.000000,3.000000,3.000000,3.000000,3.000000,3.000000,0.005288,0.000839,0.116528,0.265165,calls/second,milliseconds
1778145276,2,3.000000,1.500000,0.000000,1.500000,3.000000,3.000000,3.000000,3.000000,3.000000,3.000000,0.005274,0.000839,0.116528,0.265165,calls/second,milliseconds
1778145277,2,3.000000,1.500000,0.000000,1.500000,3.000000,3.000000,3.000000,3.000000,3.000000,3.000000,0.005260,0.000772,0.114602,0.263696,calls/second,milliseconds
1778145278,2,3.000000,1.500000,0.000000,1.500000,3.000000,3.000000,3.000000,3.000000,3.000000,3.000000,0.005246,0.000772,0.114602,0.263696,calls/second,milliseconds
1778145279,2,3.000000,1.500000,0.000000,1.500000,3.000000,3.000000,3.000000,3.000000,3.000000,3.000000,0.005232,0.000772,0.114602,0.263696,calls/second,milliseconds
1778145280,2,3.000000,1.500000,0.000000,1.500000,3.000000,3.000000,3.000000,3.000000,3.000000,3.000000,0.005219,0.000772,0.114602,0.263696,calls/second,milliseconds
1778145281,2,3.000000,1.500000,0.000000,1.500000,3.000000,3.000000,3.000000,3.000000,3.000000,3.000000,0.005205,0.000772,0.114602,0.263696,calls/second,milliseconds
1778145282,2,3.000000,1.500000,0.000000,1.500000,3.000000,3.000000,3.000000,3.000000,3.000000,3.000000,0.005192,0.000710,0.112708,0.262235,calls/second,milliseconds
1778145283,2,3.000000,1.500000,0.000000,1.500000,3.000000,3.000000,3.000000,3.000000,3.000000,3.000000,0.005178,0.000710,0.112708,0.262235,calls/second,milliseconds
1778145284,2,3.000000,1.500000,0.000000,1.500000,3.000000,3.000000,3.000000,3.000000,3.000000,3.000000,0.005165,0.000710,0.112708,0.262235,calls/second,milliseconds
1778145285,2,3.000000,1.500000,0.000000,1.500000,3.000000,3.000000,3.000000,3.000000,3.000000,3.000000,0.005151,0.000710,0.112708,0.262235,calls/second,milliseconds
1778145286,2,3.000000,1.500000,0.000000,1.500000,3.000000,3.000000,3.000000,3.000000,3.000000,3.000000,0.005138,0.000710,0.112708,0.262235,calls/second,milliseconds
1778145287,2,3.000000,1.500000,0.000000,1.500000,3.000000,3.000000,3.000000,3.000000,3.000000,3.000000,0.005125,0.000654,0.110845,0.260783,calls/second,milliseconds
1778145288,2,3.000000,1.500000,0.000000,1.500000,3.000000,3.000000,3.000000,3.000000,3.000000,3.000000,0.005112,0.000654,0.110845,0.260783,calls/second,milliseconds
1778145289,2,3.000000,1.500000,0.000000,1.500000,3.000000,3.000000,3.000000,3.000000,3.000000,3.000000,0.005099,0.000654,0.110845,0.260783,calls/second,milliseconds
1778145290,2,3.000000,1.500000,0.000000,1.500000,3.000000,3.000000,3.000000,3.000000,3.000000,3.000000,0.005086,0.000654,0.110845,0.260783,calls/second,milliseconds
1778145291,2,3.000000,1.500000,0.000000,1.500000,3.000000,3.000000,3.000000,3.000000,3.000000,3.000000,0.005073,0.000654,0.110845,0.260783,calls/second,milliseconds
1778145292,2,3.000000,1.500000,0.000000,1.500000,3.000000,3.000000,3.000000,3.000000,3.000000,3.000000,0.005060,0.000601,0.109013,0.259338,calls/second,milliseconds
1778145293,2,3.000000,1.500000,0.000000,1.500000,3.000000,3.000000,3.000000,3.000000,3.000000,3.000000,0.005047,0.000601,0.109013,0.259338,calls/second,milliseconds
1778145294,2,3.000000,1.500000,0.000000,1.500000,3.000000,3.000000,3.000000,3.000000,3.000000,3.000000,0.005035,0.000601,0.109013,0.259338,calls/second,milliseconds
1778145295,2,3.000000,1.500000,0.000000,1.500000,3.000000,3.000000,3.000000,3.000000,3.000000,3.000000,0.005022,0.000601,0.109013,0.259338,calls/second,milliseconds
1778145296,2,3.000000,1.500000,0.000000,1.500000,3.000000,3.000000,3.000000,3.000000,3.000000,3.000000,0.005009,0.000601,0.109013,0.259338,calls/second,milliseconds
1778145297,2,3.000000,1.500000,0.000000,1.500000,3.000000,3.000000,3.000000,3.000000,3.000000,3.000000,0.004997,0.000553,0.107211,0.257901,calls/second,milliseconds
1778145298,2,3.000000,1.500000,0.000000,1.500000,3.000000,3.000000,3.000000,3.000000,3.000000,3.000000,0.004984,0.000553,0.107211,0.257901,calls/second,milliseconds
1778145299,2,3.000000,1.500000,0.000000,1.500000,3.000000,3.000000,3.000000,3.000000,3.000000,3.000000,0.004972,0.000553,0.107211,0.257901,calls/second,milliseconds
1778145300,2,3.000000,1.500000,0.000000,1.500000,3.000000,3.000000,3.000000,3.000000,3.000000,3.000000,0.004959,0.000553,0.107211,0.257901,calls/second,milliseconds
1778145301,2,3.000000,1.500000,0.000000,1.500000,3.000000,3.000000,3.000000,3.000000,3.000000,3.000000,0.004947,0.000553,0.107211,0.257901,calls/second,milliseconds
1778145302,2,3.000000,1.500000,0.000000,1.500000,3.000000,3.000000,3.000000,3.000000,3.000000,3.000000,0.004935,0.000509,0.105439,0.256472,calls/second,milliseconds
1778145303,2,3.000000,1.500000,0.000000,1.500000,3.000000,3.000000,3.000000,3.000000,3.000000,3.000000,0.004923,0.000509,0.105439,0.256472,calls/second,milliseconds
1778145304,2,3.000000,1.500000,0.000000,1.500000,3.000000,3.000000,3.000000,3.000000,3.000000,3.000000,0.004911,0.000509,0.105439,0.256472,calls/second,milliseconds
1778145305,2,3.000000,1.500000,0.000000,1.500000,3.000000,3.000000,3.000000,3.000000,3.000000,3.000000,0.004899,0.000509,0.105439,0.256472,calls/second,milliseconds
1778145306,2,3.000000,1.500000,0.000000,1.500000,3.000000,3.000000,3.000000,3.000000,3.000000,3.000000,0.004887,0.000509,0.105439,0.256472,calls/second,milliseconds
1778145307,2,3.000000,1.500000,0.000000,1.500000,3.000000,3.000000,3.000000,3.000000,3.000000,3.000000,0.004875,0.000468,0.103696,0.255051,calls/second,milliseconds
1778145308,2,3.000000,1.500000,0.000000,1.500000,3.000000,3.000000,3.000000,3.000000,3.000000,3.000000,0.004863,0.000468,0.103696,0.255051,calls/second,milliseconds
1778145309,2,3.000000,1.500000,0.000000,1.500000,3.000000,3.000000,3.000000,3.000000,3.000000,3.000000,0.004851,0.000468,0.103696,0.255051,calls/second,milliseconds
1778145310,2,3.000000,1.500000,0.000000,1.500000,3.000000,3.000000,3.000000,3.000000,3.000000,3.000000,0.004839,0.000468,0.103696,0.255051,calls/second,milliseconds
1778145311,2,3.000000,1.500000,0.000000,1.500000,3.000000,3.000000,3.000000,3.000000,3.000000,3.000000,0.004828,0.000468,0.103696,0.255051,calls/second,milliseconds
1778145312,2,3.000000,1.500000,0.000000,1.500000,3.000000,3.000000,3.000000,3.000000,3.000000,3.000000,0.004816,0.000431,0.101982,0.253638,calls/second,milliseconds
1778145313,2,3.000000,1.500000,0.000000,1.500000,3.000000,3.000000,3.000000,3.000000,3.000000,3.000000,0.004804,0.000431,0.101982,0.253638,calls/second,milliseconds
1778145314,2,3.000000,1.500000,0.000000,1.500000,3.000000,3.000000,3.000000,3.000000,3.000000,3.000000,0.004793,0.000431,0.101982,0.253638,calls/second,milliseconds
1778145315,2,3.000000,1.500000,0.000000,1.500000,3.000000,3.000000,3.000000,3.000000,3.000000,3.000000,0.004781,0.000431,0.101982,0.253638,calls/second,milliseconds
1778145316,2,3.000000,1.500000,0.000000,1.500000,3.000000,3.000000,3.000000,3.000000,3.000000,3.000000,0.004770,0.000431,0.101982,0.253638,calls/second,milliseconds
1778145317,2,3.000000,1.500000,0.000000,1.500000,3.000000,3.000000,3.000000,3.000000,3.000000,3.000000,0.004759,0.000396,0.100297,0.252233,calls/second,milliseconds
1778145318,2,3.000000,1.500000,0.000000,1.500000,3.000000,3.000000,3.000000,3.000000,3.000000,3.000000,0.004747,0.000396,0.100297,0.252233,calls/second,milliseconds
1778145319,2,3.000000,1.500000,0.000000,1.500000,3.000000,3.000000,3.000000,3.000000,3.000000,3.000000,0.004736,0.000396,0.100297,0.252233,calls/second,milliseconds
1778145320,2,3.000000,1.500000,0.000000,1.500000,3.000000,3.000000,3.000000,3.000000,3.000000,3.000000,0.004725,0.000396,0.100297,0.252233,calls/second,milliseconds
1778145321,2,3.000000,1.500000,0.000000,1.500000,3.000000,3.000000,3.000000,3.000000,3.000000,3.000000,0.004714,0.000396,0.100297,0.252233,calls/second,milliseconds
1778145322,2,3.000000,1.500000,0.000000,1.500000,3.000000,3.000000,3.000000,3.000000,3.000000,3.000000,0.004703,0.000365,0.098639,0.250836,calls/second,milliseconds
1778145323,2,3.000000,1.500000,0.000000,1.500000,3.000000,3.000000,3.000000,3.000000,3.000000,3.000000,0.004691,0.000365,0.098639,0.250836,calls/second,milliseconds
1778145324,2,3.000000,1.500000,0.000000,1.500000,3.000000,3.000000,3.000000,3.000000,3.000000,3.000000,0.004680,0.000365,0.098639,0.250836,calls/second,milliseconds
1778145325,2,3.000000,1.500000,0.000000,1.500000,3.000000,3.000000,3.000000,3.000000,3.000000,3.000000,0.004670,0.000365,0.098639,0.250836,calls/second,milliseconds
1778145326,2,3.000000,1.500000,0.000000,1.500000,3.000000,3.000000,3.000000,3.000000,3.000000,3.000000,0.004659,0.000365,0.098639,0.250836,calls/second,milliseconds
1778145327,2,3.000000,1.500000,0.000000,1.500000,3.000000,3.000000,3.000000,3.000000,3.000000,3.000000,0.004648,0.000336,0.097008,0.249446,calls/second,milliseconds
1778145328,2,3.000000,1.500000,0.000000,1.500000,3.000000,3.000000,3.000000,3.000000,3.000000,3.000000,0.004637,0.000336,0.097008,0.249446,calls/second,milliseconds
1778145329,2,3.000000,1.500000,0.000000,1.500000,3.000000,3.000000,3.000000,3.000000,3.000000,3.000000,0.004626,0.000336,0.097008,0.249446,calls/second,milliseconds
1778145330,2,3.000000,1.500000,0.000000,1.500000,3.000000,3.000000,3.000000,3.000000,3.000000,3.000000,0.004616,0.000336,0.097008,0.249446,calls/second,milliseconds
1778145331,2,3.000000,1.500000,0.000000,1.500000,3.000000,3.000000,3.000000,3.000000,3.000000,3.000000,0.004605,0.000336,0.097008,0.249446,calls/second,milliseconds
1778145332,2,3.000000,1.500000,0.000000,1.500000,3.000000,3.000000,3.000000,3.000000,3.000000,3.000000,0.004594,0.000309,0.095405,0.248064,calls/second,milliseconds
1778145333,2,3.000000,1.500000,0.000000,1.500000,3.000000,3.000000,3.000000,3.000000,3.000000,3.000000,0.004584,0.000309,0.095405,0.248064,calls/second,milliseconds
1778145334,2,3.000000,1.500000,0.000000,1.500000,3.000000,3.000000,3.000000,3.000000,3.000000,3.000000,0.004573,0.000309,0.095405,0.248064,calls/second,milliseconds
1778145335,2,3.000000,1.500000,0.000000,1.500000,3.000000,3.000000,3.000000,3.000000,3.000000,3.000000,0.004563,0.000309,0.095405,0.248064,calls/second,milliseconds
1778145336,2,3.000000,1.500000,0.000000,1.500000,3.000000,3.000000,3.000000,3.000000,3.000000,3.000000,0.004552,0.000309,0.095405,0.248064,calls/second,milliseconds
1778145337,2,3.000000,1.500000,0.000000,1.500000,3.000000,3.000000,3.000000,3.000000,3.000000,3.000000,0.004542,0.000284,0.093828,0.246690,calls/second,milliseconds
1778145338,2,3.000000,1.500000,0.000000,1.500000,3.000000,3.000000,3.000000,3.000000,3.000000,3.000000,0.004532,0.000284,0.093828,0.246690,calls/second,milliseconds
1778145339,2,3.000000,1.500000,0.000000,1.500000,3.000000,3.000000,3.000000,3.000000,3.000000,3.000000,0.004522,0.000284,0.093828,0.246690,calls/second,milliseconds
1778145340,2,3.000000,1.500000,0.000000,1.500000,3.000000,3.000000,3.000000,3.000000,3.000000,3.000000,0.004511,0.000284,0.093828,0.246690,calls/second,milliseconds
1778145341,2,3.000000,1.500000,0.000000,1.500000,3.000000,3.000000,3.000000,3.000000,3.000000,3.000000,0.004501,0.000284,0.093828,0.246690,calls/second,milliseconds
1778145342,2,3.000000,1.500000,0.000000,1.500000,3.000000,3.000000,3.000000,3.000000,3.000000,3.000000,0.004491,0.000261,0.092277,0.245323,calls/second,milliseconds
1778145343,2,3.000000,1.500000,0.000000,1.500000,3.000000,3.000000,3.000000,3.000000,3.000000,3.000000,0.004481,0.000261,0.092277,0.245323,calls/second,milliseconds
1778145344,2,3.000000,1.500000,0.000000,1.500000,3.000000,3.000000,3.000000,3.000000,3.000000,3.000000,0.004471,0.000261,0.092277,0.245323,calls/second,milliseconds
1778145345,2,3.000000,1.500000,0.000000,1.500000,3.000000,3.000000,3.000000,3.000000,3.000000,3.000000,0.004461,0.000261,0.092277,0.245323,calls/second,milliseconds
1778145346,2,3.000000,1.500000,0.000000,1.500000,3.000000,3.000000,3.000000,3.000000,3.000000,3.000000,0.004451,0.000261,0.092277,0.245323,calls/second,milliseconds
1778145347,2,3.000000,1.500000,0.000000,1.500000,3.000000,3.000000,3.000000,3.000000,3.000000,3.000000,0.004441,0.000240,0.090752,0.243964,calls/second,milliseconds
1778145348,2,3.000000,1.500000,0.000000,1.500000,3.000000,3.000000,3.000000,3.000000,3.000000,3.000000,0.004431,0.000240,0.090752,0.243964,calls/second,milliseconds
1778145349,2,3.000000,1.500000,0.000000,1.500000,3.000000,3.000000,3.000000,3.000000,3.000000,3.000000,0.004421,0.000240,0.090752,0.243964,calls/second,milliseconds
1778145350,2,3.000000,1.500000,0.000000,1.500000,3.000000,3.000000,3.000000,3.000000,3.000000,3.000000,0.004412,0.000240,0.090752,0.243964,calls/second,milliseconds
1778145351,2,3.000000,1.500000,0.000000,1.500000,3.000000,3.000000,3.000000,3.000000,3.000000,3.000000,0.004402,0.000240,0.090752,0.243964,calls/second,milliseconds
1778145352,2,3.000000,1.500000,0.000000,1.500000,3.000000,3.000000,3.000000,3.000000,3.000000,3.000000,0.004392,0.000221,0.089252,0.242612,calls/second,milliseconds
1778145353,2,3.000000,1.500000,0.000000,1.500000,3.000000,3.000000,3.000000,3.000000,3.000000,3.000000,0.004383,0.000221,0.089252,0.242612,calls/second,milliseconds
1778145354,2,3.000000,1.500000,0.000000,1.500000,3.000000,3.000000,3.000000,3.000000,3.000000,3.000000,0.004373,0.000221,0.089252,0.242612,calls/second,milliseconds
1778145355,2,3.000000,1.500000,0.000000,1.500000,3.000000,3.000000,3.000000,3.000000,3.000000,3.000000,0.004363,0.000221,0.089252,0.242612,calls/second,milliseconds
1778145356,2,3.000000,1.500000,0.000000,1.500000,3.000000,3.000000,3.000000,3.000000,3.000000,3.000000,0.004354,0.000221,0.089252,0.242612,calls/second,milliseconds
1778145357,2,3.000000,1.500000,0.000000,1.500000,3.000000,3.000000,3.000000,3.000000,3.000000,3.000000,0.004344,0.000204,0.087777,0.241268,calls/second,milliseconds
1778145358,2,3.000000,1.500000,0.000000,1.500000,3.000000,3.000000,3.000000,3.000000,3.000000,3.000000,0.004335,0.000204,0.087777,0.241268,calls/second,milliseconds
1778145359,2,3.000000,1.500000,0.000000,1.500000,3.000000,3.000000,3.000000,3.000000,3.000000,3.000000,0.004326,0.000204,0.087777,0.241268,calls/second,milliseconds
1778145360,2,3.000000,1.500000,0.000000,1.500000,3.000000,3.000000,3.000000,3.000000,3.000000,3.000000,0.004316,0.000204,0.087777,0.241268,calls/second,milliseconds
1778145361,2,3.000000,1.500000,0.000000,1.500000,3.000000,3.000000,3.000000,3.000000,3.000000,3.000000,0.004307,0.000204,0.087777,0.241268,calls/second,milliseconds
1778145362,2,3.000000,1.500000,0.000000,1.500000,3.000000,3.000000,3.000000,3.000000,3.000000,3.000000,0.004298,0.000187,0.086326,0.239931,calls/second,milliseconds
1778145363,2,3.000000,1.500000,0.000000,1.500000,3.000000,3.000000,3.000000,3.000000,3.000000,3.000000,0.004289,0.000187,0.086326,0.239931,calls/second,milliseconds
1778145364,2,3.000000,1.500000,0.000000,1.500000,3.000000,3.000000,3.000000,3.000000,3.000000,3.000000,0.004279,0.000187,0.086326,0.239931,calls/second,milliseconds
1778145365,2,3.000000,1.500000,0.000000,1.500000,3.000000,3.000000,3.000000,3.000000,3.000000,3.000000,0.004270,0.000187,0.086326,0.239931,calls/second,milliseconds
1778145366,2,3.000000,1.500000,0.000000,1.500000,3.000000,3.000000,3.000000,3.000000,3.000000,3.000000,0.004261,0.000187,0.086326,0.239931,calls/second,milliseconds
1778145367,2,3.000000,1.500000,0.000000,1.500000,3.000000,3.000000,3.000000,3.000000,3.000000,3.000000,0.004252,0.000172,0.084899,0.238602,calls/second,milliseconds
1778145368,2,3.000000,1.500000,0.000000,1.500000,3.000000,3.000000,3.000000,3.000000,3.000000,3.000000,0.004243,0.000172,0.084899,0.238602,calls/second,milliseconds
1778145369,2,3.000000,1.500000,0.000000,1.500000,3.000000,3.000000,3.000000,3.000000,3.000000,3.000000,0.004234,0.000172,0.084899,0.238602,calls/second,milliseconds
1778145370,2,3.000000,1.500000,0.000000,1.500000,3.000000,3.000000,3.000000,3.000000,3.000000,3.000000,0.004225,0.000172,0.084899,0.238602,calls/second,milliseconds
1778145371,2,3.000000,1.500000,0.000000,1.500000,3.000000,3.000000,3.000000,3.000000,3.000000,3.000000,0.004216,0.000172,0.084899,0.238602,calls/second,milliseconds
1778145372,2,3.000000,1.500000,0.000000,1.500000,3.000000,3.000000,3.000000,3.000000,3.000000,3.000000,0.004207,0.000159,0.083496,0.237280,calls/second,milliseconds
1778145373,2,3.000000,1.500000,0.000000,1.500000,3.000000,3.000000,3.000000,3.000000,3.000000,3.000000,0.004198,0.000159,0.083496,0.237280,calls/second,milliseconds
1778145374,2,3.000000,1.500000,0.000000,1.500000,3.000000,3.000000,3.000000,3.000000,3.000000,3.000000,0.004190,0.000159,0.083496,0.237280,calls/second,milliseconds
1778145375,2,3.000000,1.500000,0.000000,1.500000,3.000000,3.000000,3.000000,3.000000,3.000000,3.000000,0.004181,0.000159,0.083496,0.237280,calls/second,milliseconds
1778145376,2,3.000000,1.500000,0.000000,1.500000,3.000000,3.000000,3.000000,3.000000,3.000000,3.000000,0.004172,0.000159,0.083496,0.237280,calls/second,milliseconds
1778145377,2,3.000000,1.500000,0.000000,1.500000,3.000000,3.000000,3.000000,3.000000,3.000000,3.000000,0.004163,0.000146,0.082116,0.235966,calls/second,milliseconds
1778145378,2,3.000000,1.500000,0.000000,1.500000,3.000000,3.000000,3.000000,3.000000,3.000000,3.000000,0.004155,0.000146,0.082116,0.235966,calls/second,milliseconds
1778145379,2,3.000000,1.500000,0.000000,1.500000,3.000000,3.000000,3.000000,3.000000,3.000000,3.000000,0.004146,0.000146,0.082116,0.235966,calls/second,milliseconds
1778145380,2,3.000000,1.500000,0.000000,1.500000,3.000000,3.000000,3.000000,3.000000,3.000000,3.000000,0.004137,0.000146,0.082116,0.235966,calls/second,milliseconds
1778145381,2,3.000000,1.500000,0.000000,1.500000,3.000000,3.000000,3.000000,3.000000,3.000000,3.000000,0.004129,0.000146,0.082116,0.235966,calls/second,milliseconds
1778145382,2,3.000000,1.500000,0.000000,1.500000,3.000000,3.000000,3.000000,3.000000,3.000000,3.000000,0.004120,0.000134,0.080759,0.234658,calls/second,milliseconds
1778145383,2,3.000000,1.500000,0.000000,1.500000,3.000000,3.000000,3.000000,3.000000,3.000000,3.000000,0.004112,0.000134,0.080759,0.234658,calls/second,milliseconds
1778145384,2,3.000000,1.500000,0.000000,1.500000,3.000000,3.000000,3.000000,3.000000,3.000000,3.000000,0.004103,0.000134,0.080759,0.234658,calls/second,milliseconds
1778145385,2,3.000000,1.500000,0.000000,1.500000,3.000000,3.000000,3.000000,3.000000,3.000000,3.000000,0.004095,0.000134,0.080759,0.234658,calls/second,milliseconds
1778145386,2,3.000000,1.500000,0.000000,1.500000,3.000000,3.000000,3.000000,3.000000,3.000000,3.000000,0.004087,0.000134,0.080759,0.234658,calls/second,milliseconds
1778145387,2,3.000000,1.500000,0.000000,1.500000,3.000000,3.000000,3.000000,3.000000,3.000000,3.000000,0.004078,0.000123,0.079424,0.233358,calls/second,milliseconds
1778145388,2,3.000000,1.500000,0.000000,1.500000,3.000000,3.000000,3.000000,3.000000,3.000000,3.000000,0.004070,0.000123,0.079424,0.233358,calls/second,milliseconds
1778145389,2,3.000000,1.500000,0.000000,1.500000,3.000000,3.000000,3.000000,3.000000,3.000000,3.000000,0.004062,0.000123,0.079424,0.233358,calls/second,milliseconds
1778145390,2,3.000000,1.500000,0.000000,1.500000,3.000000,3.000000,3.000000,3.000000,3.000000,3.000000,0.004054,0.000123,0.079424,0.233358,calls/second,milliseconds
1778145391,2,3.000000,1.500000,0.000000,1.500000,3.000000,3.000000,3.000000,3.000000,3.000000,3.000000,0.004045,0.000123,0.079424,0.233358,calls/second,milliseconds
1778145392,2,3.000000,1.500000,0.000000,1.500000,3.000000,3.000000,3.000000,3.000000,3.000000,3.000000,0.004037,0.000114,0.078111,0.232066,calls/second,milliseconds
1778145393,2,3.000000,1.500000,0.000000,1.500000,3.000000,3.000000,3.000000,3.000000,3.000000,3.000000,0.004029,0.000114,0.078111,0.232066,calls/second,milliseconds
1778145394,2,3.000000,1.500000,0.000000,1.500000,3.000000,3.000000,3.000000,3.000000,3.000000,3.000000,0.004021,0.000114,0.078111,0.232066,calls/second,milliseconds
1778145395,2,3.000000,1.500000,0.000000,1.500000,3.000000,3.000000,3.000000,3.000000,3.000000,3.000000,0.004013,0.000114,0.078111,0.232066,calls/second,milliseconds
1778145396,2,3.000000,1.500000,0.000000,1.500000,3.000000,3.000000,3.000000,3.000000,3.000000,3.000000,0.004005,0.000114,0.078111,0.232066,calls/second,milliseconds
1778145397,2,3.000000,1.500000,0.000000,1.500000,3.000000,3.000000,3.000000,3.000000,3.000000,3.000000,0.003997,0.000105,0.076820,0.230780,calls/second,milliseconds
1778145398,2,3.000000,1.500000,0.000000,1.500000,3.000000,3.000000,3.000000,3.000000,3.000000,3.000000,0.003989,0.000105,0.076820,0.230780,calls/second,milliseconds
1778145399,2,3.000000,1.500000,0.000000,1.500000,3.000000,3.000000,3.000000,3.000000,3.000000,3.000000,0.003981,0.000105,0.076820,0.230780,calls/second,milliseconds
1778145400,2,3.000000,1.500000,0.000000,1.500000,3.000000,3.000000,3.000000,3.000000,3.000000,3.000000,0.003973,0.000105,0.076820,0.230780,calls/second,milliseconds
1778145401,2,3.000000,1.500000,0.000000,1.500000,3.000000,3.000000,3.000000,3.000000,3.000000,3.000000,0.003965,0.000105,0.076820,0.230780,calls/second,milliseconds
1778145402,2,3.000000,1.500000,0.000000,1.500000,3.000000,3.000000,3.000000,3.000000,3.000000,3.000000,0.003957,0.000096,0.075550,0.229501,calls/second,milliseconds
1778145403,2,3.000000,1.500000,0.000000,1.500000,3.000000,3.000000,3.000000,3.000000,3.000000,3.000000,0.003949,0.000096,0.075550,0.229501,calls/second,milliseconds
1778145404,2,3.000000,1.500000,0.000000,1.500000,3.000000,3.000000,3.000000,3.000000,3.000000,3.000000,0.003942,0.000096,0.075550,0.229501,calls/second,milliseconds
1778145405,2,3.000000,1.500000,0.000000,1.500000,3.000000,3.000000,3.000000,3.000000,3.000000,3.000000,0.003934,0.000096,0.075550,0.229501,calls/second,milliseconds
1778145406,2,3.000000,1.500000,0.000000,1.500000,3.000000,3.000000,3.000000,3.000000,3.000000,3.000000,0.003926,0.000096,0.075550,0.229501,calls/second,milliseconds
1778145407,2,3.000000,1.500000,0.000000,1.500000,3.000000,3.000000,3.000000,3.000000,3.000000,3.000000,0.003918,0.000088,0.074302,0.228230,calls/second,milliseconds
1778145408,2,3.000000,1.500000,0.000000,1.500000,3.000000,3.000000,3.000000,3.000000,3.000000,3.000000,0.003911,0.000088,0.074302,0.228230,calls/second,milliseconds
1778145409,2,3.000000,1.500000,0.000000,1.500000,3.000000,3.000000,3.000000,3.000000,3.000000,3.000000,0.003903,0.000088,0.074302,0.228230,calls/second,milliseconds
1778145410,2,3.000000,1.500000,0.000000,1.500000,3.000000,3.000000,3.000000,3.000000,3.000000,3.000000,0.003895,0.000088,0.074302,0.228230,calls/second,milliseconds
1778145411,2,3.000000,1.500000,0.000000,1.500000,3.000000,3.000000,3.000000,3.000000,3.000000,3.000000,0.003888,0.000088,0.074302,0.228230,calls/second,milliseconds
1778145412,2,3.000000,1.500000,0.000000,1.500000,3.000000,3.000000,3.000000,3.000000,3.000000,3.000000,0.003880,0.000081,0.073073,0.226965,calls/second,milliseconds
1778145413,2,3.000000,1.500000,0.000000,1.500000,3.000000,3.000000,3.000000,3.000000,3.000000,3.000000,0.003873,0.000081,0.073073,0.226965,calls/second,milliseconds
1778145414,2,3.000000,1.500000,0.000000,1.500000,3.000000,3.000000,3.000000,3.000000,3.000000,3.000000,0.003865,0.000081,0.073073,0.226965,calls/second,milliseconds
1778145415,2,3.000000,1.500000,0.000000,1.500000,3.000000,3.000000,3.000000,3.000000,3.000000,3.000000,0.003858,0.000081,0.073073,0.226965,calls/second,milliseconds
1778145416,2,3.000000,1.500000,0.000000,1.500000,3.000000,3.000000,3.000000,3.000000,3.000000,3.000000,0.003850,0.000081,0.073073,0.226965,calls/second,milliseconds
1778145417,2,3.000000,1.500000,0.000000,1.500000,3.000000,3.000000,3.000000,3.000000,3.000000,3.000000,0.003843,0.000075,0.071866,0.225708,calls/second,milliseconds
1778145418,2,3.000000,1.500000,0.000000,1.500000,3.000000,3.000000,3.000000,3.000000,3.000000,3.000000,0.003836,0.000075,0.071866,0.225708,calls/second,milliseconds
1778145419,2,3.000000,1.500000,0.000000,1.500000,3.000000,3.000000,3.000000,3.000000,3.000000,3.000000,0.003828,0.000075,0.071866,0.225708,calls/second,milliseconds
1778145420,2,3.000000,1.500000,0.000000,1.500000,3.000000,3.000000,3.000000,3.000000,3.000000,3.000000,0.003821,0.000075,0.071866,0.225708,calls/second,milliseconds
1778145421,2,3.000000,1.500000,0.000000,1.500000,3.000000,3.000000,3.000000,3.000000,3.000000,3.000000,0.003814,0.000075,0.071866,0.225708,calls/second,milliseconds
1778145422,2,3.000000,1.500000,0.000000,1.500000,3.000000,3.000000,3.000000,3.000000,3.000000,3.000000,0.003806,0.000069,0.070678,0.224458,calls/second,milliseconds
1778145423,2,3.000000,1.500000,0.000000,1.500000,3.000000,3.000000,3.000000,3.000000,3.000000,3.000000,0.003799,0.000069,0.070678,0.224458,calls/second,milliseconds
1778145424,2,3.000000,1.500000,0.000000,1.500000,3.000000,3.000000,3.000000,3.000000,3.000000,3.000000,0.003792,0.000069,0.070678,0.224458,calls/second,milliseconds
1778145425,2,3.000000,1.500000,0.000000,1.500000,3.000000,3.000000,3.000000,3.000000,3.000000,3.000000,0.003785,0.000069,0.070678,0.224458,calls/second,milliseconds
1778145426,2,3.000000,1.500000,0.000000,1.500000,3.000000,3.000000,3.000000,3.000000,3.000000,3.000000,0.003778,0.000069,0.070678,0.224458,calls/second,milliseconds
1778145427,2,3.000000,1.500000,0.000000,1.500000,3.000000,3.000000,3.000000,3.000000,3.000000,3.000000,0.003770,0.000063,0.069510,0.223214,calls/second,milliseconds
1778145428,2,3.000000,1.500000,0.000000,1.500000,3.000000,3.000000,3.000000,3.000000,3.000000,3.000000,0.003763,0.000063,0.069510,0.223214,calls/second,milliseconds
1778145429,2,3.000000,1.500000,0.000000,1.500000,3.000000,3.000000,3.000000,3.000000,3.000000,3.000000,0.003756,0.000063,0.069510,0.223214,calls/second,milliseconds
1778145430,2,3.000000,1.500000,0.000000,1.500000,3.000000,3.000000,3.000000,3.000000,3.000000,3.000000,0.003749,0.000063,0.069510,0.223214,calls/second,milliseconds
1778145431,2,3.000000,1.500000,0.000000,1.500000,3.000000,3.000000,3.000000,3.000000,3.000000,3.000000,0.003742,0.000063,0.069510,0.223214,calls/second,milliseconds
1778145432,2,3.000000,1.500000,0.000000,1.500000,3.000000,3.000000,3.000000,3.000000,3.000000,3.000000,0.003735,0.000058,0.068361,0.221977,calls/second,milliseconds
1778145433,2,3.000000,1.500000,0.000000,1.500000,3.000000,3.000000,3.000000,3.000000,3.000000,3.000000,0.003728,0.000058,0.068361,0.221977,calls/second,milliseconds
1778145434,2,3.000000,1.500000,0.000000,1.500000,3.000000,3.000000,3.000000,3.000000,3.000000,3.000000,0.003721,0.000058,0.068361,0.221977,calls/second,milliseconds
1778145435,2,3.000000,1.500000,0.000000,1.500000,3.000000,3.000000,3.000000,3.000000,3.000000,3.000000,0.003714,0.000058,0.068361,0.221977,calls/second,milliseconds
1778145436,2,3.000000,1.500000,0.000000,1.500000,3.000000,3.000000,3.000000,3.000000,3.000000,3.000000,0.003707,0.000058,0.068361,0.221977,calls/second,milliseconds
1778145437,2,3.000000,1.500000,0.000000,1.500000,3.000000,3.000000,3.000000,3.000000,3.000000,3.000000,0.003701,0.000054,0.067231,0.220748,calls/second,milliseconds
1778145438,2,3.000000,1.500000,0.000000,1.500000,3.000000,3.000000,3.000000,3.000000,3.000000,3.000000,0.003694,0.000054,0.067231,0.220748,calls/second,milliseconds
1778145439,2,3.000000,1.500000,0.000000,1.500000,3.000000,3.000000,3.000000,3.000000,3.000000,3.000000,0.003687,0.000054,0.067231,0.220748,calls/second,milliseconds
1778145440,2,3.000000,1.500000,0.000000,1.500000,3.000000,3.000000,3.000000,3.000000,3.000000,3.000000,0.003680,0.000054,0.067231,0.220748,calls/second,milliseconds
1778145441,2,3.000000,1.500000,0.000000,1.500000,3.000000,3.000000,3.000000,3.000000,3.000000,3.000000,0.003673,0.000054,0.067231,0.220748,calls/second,milliseconds
1778145442,2,3.000000,1.500000,0.000000,1.500000,3.000000,3.000000,3.000000,3.000000,3.000000,3.000000,0.003667,0.000049,0.066120,0.219525,calls/second,milliseconds
1778145443,2,3.000000,1.500000,0.000000,1.500000,3.000000,3.000000,3.000000,3.000000,3.000000,3.000000,0.003660,0.000049,0.066120,0.219525,calls/second,milliseconds
1778145444,2,3.000000,1.500000,0.000000,1.500000,3.000000,3.000000,3.000000,3.000000,3.000000,3.000000,0.003653,0.000049,0.066120,0.219525,calls/second,milliseconds
1778145445,2,3.000000,1.500000,0.000000,1.500000,3.000000,3.000000,3.000000,3.000000,3.000000,3.000000,0.003646,0.000049,0.066120,0.219525,calls/second,milliseconds
1778145446,2,3.000000,1.500000,0.000000,1.500000,3.000000,3.000000,3.000000,3.000000,3.000000,3.000000,0.003640,0.000049,0.066120,0.219525,calls/second,milliseconds
1778145447,2,3.000000,1.500000,0.000000,1.500000,3.000000,3.000000,3.000000,3.000000,3.000000,3.000000,0.003633,0.000045,0.065027,0.218308,calls/second,milliseconds
1778145448,2,3.000000,1.500000,0.000000,1.500000,3.000000,3.000000,3.000000,3.000000,3.000000,3.000000,0.003627,0.000045,0.065027,0.218308,calls/second,milliseconds
1778145449,2,3.000000,1.500000,0.000000,1.500000,3.000000,3.000000,3.000000,3.000000,3.000000,3.000000,0.003620,0.000045,0.065027,0.218308,calls/second,milliseconds
1778145450,2,3.000000,1.500000,0.000000,1.500000,3.000000,3.000000,3.000000,3.000000,3.000000,3.000000,0.003613,0.000045,0.065027,0.218308,calls/second,milliseconds
1778145451,2,3.000000,1.500000,0.000000,1.500000,3.000000,3.000000,3.000000,3.000000,3.000000,3.000000,0.003607,0.000045,0.065027,0.218308,calls/second,milliseconds
1778145452,2,3.000000,1.500000,0.000000,1.500000,3.000000,3.000000,3.000000,3.000000,3.000000,3.000000,0.003600,0.000042,0.063952,0.217099,calls/second,milliseconds
1778145453,2,3.000000,1.500000,0.000000,1.500000,3.000000,3.000000,3.000000,3.000000,3.000000,3.000000,0.003594,0.000042,0.063952,0.217099,calls/second,milliseconds
1778145454,2,3.000000,1.500000,0.000000,1.500000,3.000000,3.000000,3.000000,3.000000,3.000000,3.000000,0.003588,0.000042,0.063952,0.217099,calls/second,milliseconds
1778145455,2,3.000000,1.500000,0.000000,1.500000,3.000000,3.000000,3.000000,3.000000,3.000000,3.000000,0.003581,0.000042,0.063952,0.217099,calls/second,milliseconds
1778145456,2,3.000000,1.500000,0.000000,1.500000,3.000000,3.000000,3.000000,3.000000,3.000000,3.000000,0.003575,0.000042,0.063952,0.217099,calls/second,milliseconds
1778145457,2,3.000000,1.500000,0.000000,1.500000,3.000000,3.000000,3.000000,3.000000,3.000000,3.000000,0.003568,0.000038,0.062895,0.215896,calls/second,milliseconds
1778145458,2,3.000000,1.500000,0.000000,1.500000,3.000000,3.000000,3.000000,3.000000,3.000000,3.000000,0.003562,0.000038,0.062895,0.215896,calls/second,milliseconds
1778145459,2,3.000000,1.500000,0.000000,1.500000,3.000000,3.000000,3.000000,3.000000,3.000000,3.000000,0.003556,0.000038,0.062895,0.215896,calls/second,milliseconds
1778145460,2,3.000000,1.500000,0.000000,1.500000,3.000000,3.000000,3.000000,3.000000,3.000000,3.000000,0.003549,0.000038,0.062895,0.215896,calls/second,milliseconds
1778145461,2,3.000000,1.500000,0.000000,1.500000,3.000000,3.000000,3.000000,3.000000,3.000000,3.000000,0.003543,0.000038,0.062895,0.215896,calls/second,milliseconds
1778145462,2,3.000000,1.500000,0.000000,1.500000,3.000000,3.000000,3.000000,3.000000,3.000000,3.000000,0.003537,0.000035,0.061855,0.214700,calls/second,milliseconds
1778145463,2,3.000000,1.500000,0.000000,1.500000,3.000000,3.000000,3.000000,3.000000,3.000000,3.000000,0.003530,0.000035,0.061855,0.214700,calls/second,milliseconds
1778145464,2,3.000000,1.500000,0.000000,1.500000,3.000000,3.000000,3.000000,3.000000,3.000000,3.000000,0.003524,0.000035,0.061855,0.214700,calls/second,milliseconds
1778145465,2,3.000000,1.500000,0.000000,1.500000,3.000000,3.000000,3.000000,3.000000,3.000000,3.000000,0.003518,0.000035,0.061855,0.214700,calls/second,milliseconds
1778145466,2,3.000000,1.500000,0.000000,1.500000,3.000000,3.000000,3.000000,3.000000,3.000000,3.000000,0.003512,0.000035,0.061855,0.214700,calls/second,milliseconds
1778145467,2,3.000000,1.500000,0.000000,1.500000,3.000000,3.000000,3.000000,3.000000,3.000000,3.000000,0.003506,0.000033,0.060833,0.213511,calls/second,milliseconds
1778145468,2,3.000000,1.500000,0.000000,1.500000,3.000000,3.000000,3.000000,3.000000,3.000000,3.000000,0.003500,0.000033,0.060833,0.213511,calls/second,milliseconds
1778145469,2,3.000000,1.500000,0.000000,1.500000,3.000000,3.000000,3.000000,3.000000,3.000000,3.000000,0.003493,0.000033,0.060833,0.213511,calls/second,milliseconds
1778145470,2,3.000000,1.500000,0.000000,1.500000,3.000000,3.000000,3.000000,3.000000,3.000000,3.000000,0.003487,0.000033,0.060833,0.213511,calls/second,milliseconds
1778145471,2,3.000000,1.500000,0.000000,1.500000,3.000000,3.000000,3.000000,3.000000,3.000000,3.000000,0.003481,0.000033,0.060833,0.213511,calls/second,milliseconds
1778145472,2,3.000000,1.500000,0.000000,1.500000,3.000000,3.000000,3.000000,3.000000,3.000000,3.000000,0.003475,0.000030,0.059827,0.212328,calls/second,milliseconds
1778145473,2,3.000000,1.500000,0.000000,1.500000,3.000000,3.000000,3.000000,3.000000,3.000000,3.000000,0.003469,0.000030,0.059827,0.212328,calls/second,milliseconds
1778145474,2,3.000000,1.500000,0.000000,1.500000,3.000000,3.000000,3.000000,3.000000,3.000000,3.000000,0.003463,0.000030,0.059827,0.212328,calls/second,milliseconds
1778145475,2,3.000000,1.500000,0.000000,1.500000,3.000000,3.000000,3.000000,3.000000,3.000000,3.000000,0.003457,0.000030,0.059827,0.212328,calls/second,milliseconds
1778145476,2,3.000000,1.500000,0.000000,1.500000,3.000000,3.000000,3.000000,3.000000,3.000000,3.000000,0.003451,0.000030,0.059827,0.212328,calls/second,milliseconds
1778145477,2,3.000000,1.500000,0.000000,1.500000,3.000000,3.000000,3.000000,3.000000,3.000000,3.000000,0.003445,0.000028,0.058839,0.211151,calls/second,milliseconds
1778145478,2,3.000000,1.500000,0.000000,1.500000,3.000000,3.000000,3.000000,3.000000,3.000000,3.000000,0.003439,0.000028,0.058839,0.211151,calls/second,milliseconds
1778145479,2,3.000000,1.500000,0.000000,1.500000,3.000000,3.000000,3.000000,3.000000,3.000000,3.000000,0.003433,0.000028,0.058839,0.211151,calls/second,milliseconds
1778145480,2,3.000000,1.500000,0.000000,1.500000,3.000000,3.000000,3.000000,3.000000,3.000000,3.000000,0.003427,0.000028,0.058839,0.211151,calls/second,milliseconds
1778145481,2,3.000000,1.500000,0.000000,1.500000,3.000000,3.000000,3.000000,3.000000,3.000000,3.000000,0.003422,0.000028,0.058839,0.211151,calls/second,milliseconds
1778145482,2,3.000000,1.500000,0.000000,1.500000,3.000000,3.000000,3.000000,3.000000,3.000000,3.000000,0.003416,0.000025,0.057866,0.209982,calls/second,milliseconds
1778145483,2,3.000000,1.500000,0.000000,1.500000,3.000000,3.000000,3.000000,3.000000,3.000000,3.000000,0.003410,0.000025,0.057866,0.209982,calls/second,milliseconds
1778145484,2,3.000000,1.500000,0.000000,1.500000,3.000000,3.000000,3.000000,3.000000,3.000000,3.000000,0.003404,0.000025,0.057866,0.209982,calls/second,milliseconds
1778145485,2,3.000000,1.500000,0.000000,1.500000,3.000000,3.000000,3.000000,3.000000,3.000000,3.000000,0.003398,0.000025,0.057866,0.209982,calls/second,milliseconds
1778145486,2,3.000000,1.500000,0.000000,1.500000,3.000000,3.000000,3.000000,3.000000,3.000000,3.000000,0.003392,0.000025,0.057866,0.209982,calls/second,milliseconds
1778145487,2,3.000000,1.500000,0.000000,1.500000,3.000000,3.000000,3.000000,3.000000,3.000000,3.000000,0.003387,0.000023,0.056910,0.208818,calls/second,milliseconds
1778145488,2,3.000000,1.500000,0.000000,1.500000,3.000000,3.000000,3.000000,3.000000,3.000000,3.000000,0.003381,0.000023,0.056910,0.208818,calls/second,milliseconds
1778145489,2,3.000000,1.500000,0.000000,1.500000,3.000000,3.000000,3.000000,3.000000,3.000000,3.000000,0.003375,0.000023,0.056910,0.208818,calls/second,milliseconds
1778145490,2,3.000000,1.500000,0.000000,1.500000,3.000000,3.000000,3.000000,3.000000,3.000000,3.000000,0.003370,0.000023,0.056910,0.208818,calls/second,milliseconds
1778145491,2,3.000000,1.500000,0.000000,1.500000,3.000000,3.000000,3.000000,3.000000,3.000000,3.000000,0.003364,0.000023,0.056910,0.208818,calls/second,milliseconds
1778145492,2,3.000000,1.500000,0.000000,1.500000,3.000000,3.000000,3.000000,3.000000,3.000000,3.000000,0.003358,0.000021,0.055969,0.207661,calls/second,milliseconds
1778145493,2,3.000000,1.500000,0.000000,1.500000,3.000000,3.000000,3.000000,3.000000,3.000000,3.000000,0.003353,0.000021,0.055969,0.207661,calls/second,milliseconds
1778145494,2,3.000000,1.500000,0.000000,1.500000,3.000000,3.000000,3.000000,3.000000,3.000000,3.000000,0.003347,0.000021,0.055969,0.207661,calls/second,milliseconds
1778145495,2,3.000000,1.500000,0.000000,1.500000,3.000000,3.000000,3.000000,3.000000,3.000000,3.000000,0.003341,0.000021,0.055969,0.207661,calls/second,milliseconds
1778145496,2,3.000000,1.500000,0.000000,1.500000,3.000000,3.000000,3.000000,3.000000,3.000000,3.000000,0.003336,0.000021,0.055969,0.207661,calls/second,milliseconds
1778145497,2,3.000000,1.500000,0.000000,1.500000,3.000000,3.000000,3.000000,3.000000,3.000000,3.000000,0.003330,0.000020,0.055044,0.206511,calls/second,milliseconds
1778145498,2,3.000000,1.500000,0.000000,1.500000,3.000000,3.000000,3.000000,3.000000,3.000000,3.000000,0.003325,0.000020,0.055044,0.206511,calls/second,milliseconds
1778145499,2,3.000000,1.500000,0.000000,1.500000,3.000000,3.000000,3.000000,3.000000,3.000000,3.000000,0.003319,0.000020,0.055044,0.206511,calls/second,milliseconds
1778145500,2,3.000000,1.500000,0.000000,1.500000,3.000000,3.000000,3.000000,3.000000,3.000000,3.000000,0.003314,0.000020,0.055044,0.206511,calls/second,milliseconds
1778145501,2,3.000000,1.500000,0.000000,1.500000,3.000000,3.000000,3.000000,3.000000,3.000000,3.000000,0.003308,0.000020,0.055044,0.206511,calls/second,milliseconds
1778145502,2,3.000000,1.500000,0.000000,1.500000,3.000000,3.000000,3.000000,3.000000,3.000000,3.000000,0.003303,0.000018,0.054134,0.205367,calls/second,milliseconds
1778145503,2,3.000000,1.500000,0.000000,1.500000,3.000000,3.000000,3.000000,3.000000,3.000000,3.000000,0.003297,0.000018,0.054134,0.205367,calls/second,milliseconds
1778145504,2,3.000000,1.500000,0.000000,1.500000,3.000000,3.000000,3.000000,3.000000,3.000000,3.000000,0.003292,0.000018,0.054134,0.205367,calls/second,milliseconds
1778145505,2,3.000000,1.500000,0.000000,1.500000,3.000000,3.000000,3.000000,3.000000,3.000000,3.000000,0.003286,0.000018,0.054134,0.205367,calls/second,milliseconds
1778145506,2,3.000000,1.500000,0.000000,1.500000,3.000000,3.000000,3.000000,3.000000,3.000000,3.000000,0.003281,0.000018,0.054134,0.205367,calls/second,milliseconds
1778145507,2,3.000000,1.500000,0.000000,1.500000,3.000000,3.000000,3.000000,3.000000,3.000000,3.000000,0.003276,0.000017,0.053239,0.204229,calls/second,milliseconds
1778145508,2,3.000000,1.500000,0.000000,1.500000,3.000000,3.000000,3.000000,3.000000,3.000000,3.000000,0.003270,0.000017,0.053239,0.204229,calls/second,milliseconds
1778145509,2,3.000000,1.500000,0.000000,1.500000,3.000000,3.000000,3.000000,3.000000,3.000000,3.000000,0.003265,0.000017,0.053239,0.204229,calls/second,milliseconds
1778145510,2,3.000000,1.500000,0.000000,1.500000,3.000000,3.000000,3.000000,3.000000,3.000000,3.000000,0.003260,0.000017,0.053239,0.204229,calls/second,milliseconds
1778145511,2,3.000000,1.500000,0.000000,1.500000,3.000000,3.000000,3.000000,3.000000,3.000000,3.000000,0.003254,0.000017,0.053239,0.204229,calls/second,milliseconds
1778145512,2,3.000000,1.500000,0.000000,1.500000,3.000000,3.000000,3.000000,3.000000,3.000000,3.000000,0.003249,0.000015,0.052359,0.203098,calls/second,milliseconds
1778145513,2,3.000000,1.500000,0.000000,1.500000,3.000000,3.000000,3.000000,3.000000,3.000000,3.000000,0.003244,0.000015,0.052359,0.203098,calls/second,milliseconds
1778145514,2,3.000000,1.500000,0.000000,1.500000,3.000000,3.000000,3.000000,3.000000,3.000000,3.000000,0.003238,0.000015,0.052359,0.203098,calls/second,milliseconds
1778145515,2,3.000000,1.500000,0.000000,1.500000,3.000000,3.000000,3.000000,3.000000,3.000000,3.000000,0.003233,0.000015,0.052359,0.203098,calls/second,milliseconds
1778145516,2,3.000000,1.500000,0.000000,1.500000,3.000000,3.000000,3.000000,3.000000,3.000000,3.000000,0.003228,0.000015,0.052359,0.203098,calls/second,milliseconds
1778145517,2,3.000000,1.500000,0.000000,1.500000,3.000000,3.000000,3.000000,3.000000,3.000000,3.000000,0.003223,0.000014,0.051494,0.201972,calls/second,milliseconds
1778145518,2,3.000000,1.500000,0.000000,1.500000,3.000000,3.000000,3.000000,3.000000,3.000000,3.000000,0.003218,0.000014,0.051494,0.201972,calls/second,milliseconds
1778145519,2,3.000000,1.500000,0.000000,1.500000,3.000000,3.000000,3.000000,3.000000,3.000000,3.000000,0.003212,0.000014,0.051494,0.201972,calls/second,milliseconds
1778145520,2,3.000000,1.500000,0.000000,1.500000,3.000000,3.000000,3.000000,3.000000,3.000000,3.000000,0.003207,0.000014,0.051494,0.201972,calls/second,milliseconds
1778145521,2,3.000000,1.500000,0.000000,1.500000,3.000000,3.000000,3.000000,3.000000,3.000000,3.000000,0.003202,0.000014,0.051494,0.201972,calls/second,milliseconds
1778145522,2,3.000000,1.500000,0.000000,1.500000,3.000000,3.000000,3.000000,3.000000,3.000000,3.000000,0.003197,0.000013,0.050643,0.200853,calls/second,milliseconds
1778145523,2,3.000000,1.500000,0.000000,1.500000,3.000000,3.000000,3.000000,3.000000,3.000000,3.000000,0.003192,0.000013,0.050643,0.200853,calls/second,milliseconds
1778145524,2,3.000000,1.500000,0.000000,1.500000,3.000000,3.000000,3.000000,3.000000,3.000000,3.000000,0.003187,0.000013,0.050643,0.200853,calls/second,milliseconds
1778145525,2,3.000000,1.500000,0.000000,1.500000,3.000000,3.000000,3.000000,3.000000,3.000000,3.000000,0.003182,0.000013,0.050643,0.200853,calls/second,milliseconds
1778145526,2,3.000000,1.500000,0.000000,1.500000,3.000000,3.000000,3.000000,3.000000,3.000000,3.000000,0.003177,0.000013,0.050643,0.200853,calls/second,milliseconds
1778145527,2,3.000000,1.500000,0.000000,1.500000,3.000000,3.000000,3.000000,3.000000,3.000000,3.000000,0.003172,0.000012,0.049806,0.199741,calls/second,milliseconds
1778145528,2,3.000000,1.500000,0.000000,1.500000,3.000000,3.000000,3.000000,3.000000,3.000000,3.000000,0.003167,0.000012,0.049806,0.199741,calls/second,milliseconds
1778145529,2,3.000000,1.500000,0.000000,1.500000,3.000000,3.000000,3.000000,3.000000,3.000000,3.000000,0.003162,0.000012,0.049806,0.199741,calls/second,milliseconds
1778145530,2,3.000000,1.500000,0.000000,1.500000,3.000000,3.000000,3.000000,3.000000,3.000000,3.000000,0.003157,0.000012,0.049806,0.199741,calls/second,milliseconds
1778145531,2,3.000000,1.500000,0.000000,1.500000,3.000000,3.000000,3.000000,3.000000,3.000000,3.000000,0.003152,0.000012,0.049806,0.199741,calls/second,milliseconds
1778145532,2,3.000000,1.500000,0.000000,1.500000,3.000000,3.000000,3.000000,3.000000,3.000000,3.000000,0.003147,0.000011,0.048983,0.198634,calls/second,milliseconds
1778145534,2,3.000000,1.500000,0.000000,1.500000,3.000000,3.000000,3.000000,3.000000,3.000000,3.000000,0.003142,0.000011,0.048983,0.198634,calls/second,milliseconds
1778145535,2,3.000000,1.500000,0.000000,1.500000,3.000000,3.000000,3.000000,3.000000,3.000000,3.000000,0.003137,0.000011,0.048983,0.198634,calls/second,milliseconds
1778145536,2,3.000000,1.500000,0.000000,1.500000,3.000000,3.000000,3.000000,3.000000,3.000000,3.000000,0.003132,0.000011,0.048983,0.198634,calls/second,milliseconds
1778145537,2,3.000000,1.500000,0.000000,1.500000,3.000000,3.000000,3.000000,3.000000,3.000000,3.000000,0.003127,0.000011,0.048983,0.198634,calls/second,milliseconds
1778145538,2,3.000000,1.500000,0.000000,1.500000,3.000000,3.000000,3.000000,3.000000,3.000000,3.000000,0.003122,0.000010,0.048173,0.197534,calls/second,milliseconds
1778145539,2,3.000000,1.500000,0.000000,1.500000,3.000000,3.000000,3.000000,3.000000,3.000000,3.000000,0.003117,0.000010,0.048173,0.197534,calls/second,milliseconds
1778145540,2,3.000000,1.500000,0.000000,1.500000,3.000000,3.000000,3.000000,3.000000,3.000000,3.000000,0.003112,0.000010,0.048173,0.197534,calls/second,milliseconds
1778145541,2,3.000000,1.500000,0.000000,1.500000,3.000000,3.000000,3.000000,3.000000,3.000000,3.000000,0.003107,0.000010,0.048173,0.197534,calls/second,milliseconds
1778145542,2,3.000000,1.500000,0.000000,1.500000,3.000000,3.000000,3.000000,3.000000,3.000000,3.000000,0.003103,0.000010,0.048173,0.197534,calls/second,milliseconds
1778145543,2,3.000000,1.500000,0.000000,1.500000,3.000000,3.000000,3.000000,3.000000,3.000000,3.000000,0.003098,0.000009,0.047377,0.196439,calls/second,milliseconds
1778145544,2,3.000000,1.500000,0.000000,1.500000,3.000000,3.000000,3.000000,3.000000,3.000000,3.000000,0.003093,0.000009,0.047377,0.196439,calls/second,milliseconds
1778145545,2,3.000000,1.500000,0.000000,1.500000,3.000000,3.000000,3.000000,3.000000,3.000000,3.000000,0.003088,0.000009,0.047377,0.196439,calls/second,milliseconds
1778145546,2,3.000000,1.500000,0.000000,1.500000,3.000000,3.000000,3.000000,3.000000,3.000000,3.000000,0.003083,0.000009,0.047377,0.196439,calls/second,milliseconds
1778145547,2,3.000000,1.500000,0.000000,1.500000,3.000000,3.000000,3.000000,3.000000,3.000000,3.000000,0.003079,0.000009,0.047377,0.196439,calls/second,milliseconds
1778145548,2,3.000000,1.500000,0.000000,1.500000,3.000000,3.000000,3.000000,3.000000,3.000000,3.000000,0.003074,0.000009,0.046594,0.195351,calls/second,milliseconds
1778145549,2,3.000000,1.500000,0.000000,1.500000,3.000000,3.000000,3.000000,3.000000,3.000000,3.000000,0.003069,0.000009,0.046594,0.195351,calls/second,milliseconds
1778145550,2,3.000000,1.500000,0.000000,1.500000,3.000000,3.000000,3.000000,3.000000,3.000000,3.000000,0.003065,0.000009,0.046594,0.195351,calls/second,milliseconds
1778145551,2,3.000000,1.500000,0.000000,1.500000,3.000000,3.000000,3.000000,3.000000,3.000000,3.000000,0.003060,0.000009,0.046594,0.195351,calls/second,milliseconds
1778145552,2,3.000000,1.500000,0.000000,1.500000,3.000000,3.000000,3.000000,3.000000,3.000000,3.000000,0.003055,0.000009,0.046594,0.195351,calls/second,milliseconds
1778145553,2,3.000000,1.500000,0.000000,1.500000,3.000000,3.000000,3.000000,3.000000,3.000000,3.000000,0.003051,0.000008,0.045824,0.194269,calls/second,milliseconds
1778145554,2,3.000000,1.500000,0.000000,1.500000,3.000000,3.000000,3.000000,3.000000,3.000000,3.000000,0.003046,0.000008,0.045824,0.194269,calls/second,milliseconds
1778145555,2,3.000000,1.500000,0.000000,1.500000,3.000000,3.000000,3.000000,3.000000,3.000000,3.000000,0.003041,0.000008,0.045824,0.194269,calls/second,milliseconds
1778145556,2,3.000000,1.500000,0.000000,1.500000,3.000000,3.000000,3.000000,3.000000,3.000000,3.000000,0.003037,0.000008,0.045824,0.194269,calls/second,milliseconds
1778145557,2,3.000000,1.500000,0.000000,1.500000,3.000000,3.000000,3.000000,3.000000,3.000000,3.000000,0.003032,0.000008,0.045824,0.194269,calls/second,milliseconds
1778145558,2,3.000000,1.500000,0.000000,1.500000,3.000000,3.000000,3.000000,3.000000,3.000000,3.000000,0.003027,0.000007,0.045066,0.193192,calls/second,milliseconds
1778145559,2,3.000000,1.500000,0.000000,1.500000,3.000000,3.000000,3.000000,3.000000,3.000000,3.000000,0.003023,0.000007,0.045066,0.193192,calls/second,milliseconds
1778145560,2,3.000000,1.500000,0.000000,1.500000,3.000000,3.000000,3.000000,3.000000,3.000000,3.000000,0.003018,0.000007,0.045066,0.193192,calls/second,milliseconds
1778145561,2,3.000000,1.500000,0.000000,1.500000,3.000000,3.000000,3.000000,3.000000,3.000000,3.000000,0.003014,0.000007,0.045066,0.193192,calls/second,milliseconds
1778145562,2,3.000000,1.500000,0.000000,1.500000,3.000000,3.000000,3.000000,3.000000,3.000000,3.000000,0.003009,0.000007,0.045066,0.193192,calls/second,milliseconds
1778145563,2,3.000000,1.500000,0.000000,1.500000,3.000000,3.000000,3.000000,3.000000,3.000000,3.000000,0.003005,0.000007,0.044321,0.192122,calls/second,milliseconds
1778145564,2,3.000000,1.500000,0.000000,1.500000,3.000000,3.000000,3.000000,3.000000,3.000000,3.000000,0.003000,0.000007,0.044321,0.192122,calls/second,milliseconds
1778145565,2,3.000000,1.500000,0.000000,1.500000,3.000000,3.000000,3.000000,3.000000,3.000000,3.000000,0.002996,0.000007,0.044321,0.192122,calls/second,milliseconds
1778145566,2,3.000000,1.500000,0.000000,1.500000,3.000000,3.000000,3.000000,3.000000,3.000000,3.000000,0.002991,0.000007,0.044321,0.192122,calls/second,milliseconds
1778145567,2,3.000000,1.500000,0.000000,1.500000,3.000000,3.000000,3.000000,3.000000,3.000000,3.000000,0.002987,0.000007,0.044321,0.192122,calls/second,milliseconds
1778145568,2,3.000000,1.500000,0.000000,1.500000,3.000000,3.000000,3.000000,3.000000,3.000000,3.000000,0.002982,0.000006,0.043589,0.191058,calls/second,milliseconds
1778145569,2,3.000000,1.500000,0.000000,1.500000,3.000000,3.000000,3.000000,3.000000,3.000000,3.000000,0.002978,0.000006,0.043589,0.191058,calls/second,milliseconds
1778145570,2,3.000000,1.500000,0.000000,1.500000,3.000000,3.000000,3.000000,3.000000,3.000000,3.000000,0.002973,0.000006,0.043589,0.191058,calls/second,milliseconds
1778145571,2,3.000000,1.500000,0.000000,1.500000,3.000000,3.000000,3.000000,3.000000,3.000000,3.000000,0.002969,0.000006,0.043589,0.191058,calls/second,milliseconds
1778145572,2,3.000000,1.500000,0.000000,1.500000,3.000000,3.000000,3.000000,3.000000,3.000000,3.000000,0.002964,0.000006,0.043589,0.191058,calls/second,milliseconds
1778145573,2,3.000000,1.500000,0.000000,1.500000,3.000000,3.000000,3.000000,3.000000,3.000000,3.000000,0.002960,0.000006,0.042868,0.189999,calls/second,milliseconds
1778145574,2,3.000000,1.500000,0.000000,1.500000,3.000000,3.000000,3.000000,3.000000,3.000000,3.000000,0.002956,0.000006,0.042868,0.189999,calls/second,milliseconds
1778145575,2,3.000000,1.500000,0.000000,1.500000,3.000000,3.000000,3.000000,3.000000,3.000000,3.000000,0.002951,0.000006,0.042868,0.189999,calls/second,milliseconds
1778145576,2,3.000000,1.500000,0.000000,1.500000,3.000000,3.000000,3.000000,3.000000,3.000000,3.000000,0.002947,0.000006,0.042868,0.189999,calls/second,milliseconds
1778145577,2,3.000000,1.500000,0.000000,1.500000,3.000000,3.000000,3.000000,3.000000,3.000000,3.000000,0.002943,0.000006,0.042868,0.189999,calls/second,milliseconds
1778145578,2,3.000000,1.500000,0.000000,1.500000,3.000000,3.000000,3.000000,3.000000,3.000000,3.000000,0.002938,0.000005,0.042160,0.188947,calls/second,milliseconds
1778145579,2,3.000000,1.500000,0.000000,1.500000,3.000000,3.000000,3.000000,3.000000,3.000000,3.000000,0.002934,0.000005,0.042160,0.188947,calls/second,milliseconds
1778145580,2,3.000000,1.500000,0.000000,1.500000,3.000000,3.000000,3.000000,3.000000,3.000000,3.000000,0.002930,0.000005,0.042160,0.188947,calls/second,milliseconds
1778145581,2,3.000000,1.500000,0.000000,1.500000,3.000000,3.000000,3.000000,3.000000,3.000000,3.000000,0.002925,0.000005,0.042160,0.188947,calls/second,milliseconds
1778145582,2,3.000000,1.500000,0.000000,1.500000,3.000000,3.000000,3.000000,3.000000,3.000000,3.000000,0.002921,0.000005,0.042160,0.188947,calls/second,milliseconds
1778145583,2,3.000000,1.500000,0.000000,1.500000,3.000000,3.000000,3.000000,3.000000,3.000000,3.000000,0.002917,0.000005,0.041463,0.187900,calls/second,milliseconds
1778145584,2,3.000000,1.500000,0.000000,1.500000,3.000000,3.000000,3.000000,3.000000,3.000000,3.000000,0.002913,0.000005,0.041463,0.187900,calls/second,milliseconds
1778145585,2,3.000000,1.500000,0.000000,1.500000,3.000000,3.000000,3.000000,3.000000,3.000000,3.000000,0.002908,0.000005,0.041463,0.187900,calls/second,milliseconds
1778145586,2,3.000000,1.500000,0.000000,1.500000,3.000000,3.000000,3.000000,3.000000,3.000000,3.000000,0.002904,0.000005,0.041463,0.187900,calls/second,milliseconds
1778145587,2,3.000000,1.500000,0.000000,1.500000,3.000000,3.000000,3.000000,3.000000,3.000000,3.000000,0.002900,0.000005,0.041463,0.187900,calls/second,milliseconds
1778145588,2,3.000000,1.500000,0.000000,1.500000,3.000000,3.000000,3.000000,3.000000,3.000000,3.000000,0.002896,0.000004,0.040778,0.186859,calls/second,milliseconds
1778145589,2,3.000000,1.500000,0.000000,1.500000,3.000000,3.000000,3.000000,3.000000,3.000000,3.000000,0.002892,0.000004,0.040778,0.186859,calls/second,milliseconds
1778145590,2,3.000000,1.500000,0.000000,1.500000,3.000000,3.000000,3.000000,3.000000,3.000000,3.000000,0.002887,0.000004,0.040778,0.186859,calls/second,milliseconds
1778145591,2,3.000000,1.500000,0.000000,1.500000,3.000000,3.000000,3.000000,3.000000,3.000000,3.000000,0.002883,0.000004,0.040778,0.186859,calls/second,milliseconds
1778145592,2,3.000000,1.500000,0.000000,1.500000,3.000000,3.000000,3.000000,3.000000,3.000000,3.000000,0.002879,0.000004,0.040778,0.186859,calls/second,milliseconds
1778145593,2,3.000000,1.500000,0.000000,1.500000,3.000000,3.000000,3.000000,3.000000,3.000000,3.000000,0.002875,0.000004,0.040104,0.185824,calls/second,milliseconds
1778145594,2,3.000000,1.500000,0.000000,1.500000,3.000000,3.000000,3.000000,3.000000,3.000000,3.000000,0.002871,0.000004,0.040104,0.185824,calls/second,milliseconds
1778145595,2,3.000000,1.500000,0.000000,1.500000,3.000000,3.000000,3.000000,3.000000,3.000000,3.000000,0.002867,0.000004,0.040104,0.185824,calls/second,milliseconds
1778145596,2,3.000000,1.500000,0.000000,1.500000,3.000000,3.000000,3.000000,3.000000,3.000000,3.000000,0.002863,0.000004,0.040104,0.185824,calls/second,milliseconds
1778145597,2,3.000000,1.500000,0.000000,1.500000,3.000000,3.000000,3.000000,3.000000,3.000000,3.000000,0.002858,0.000004,0.040104,0.185824,calls/second,milliseconds
1778145598,2,3.000000,1.500000,0.000000,1.500000,3.000000,3.000000,3.000000,3.000000,3.000000,3.000000,0.002854,0.000004,0.039441,0.184794,calls/second,milliseconds
1778145599,2,3.000000,1.500000,0.000000,1.500000,3.000000,3.000000,3.000000,3.000000,3.000000,3.000000,0.002850,0.000004,0.039441,0.184794,calls/second,milliseconds
1778145600,2,3.000000,1.500000,0.000000,1.500000,3.000000,3.000000,3.000000,3.000000,3.000000,3.000000,0.002846,0.000004,0.039441,0.184794,calls/second,milliseconds
1778145601,2,3.000000,1.500000,0.000000,1.500000,3.000000,3.000000,3.000000,3.000000,3.000000,3.000000,0.002842,0.000004,0.039441,0.184794,calls/second,milliseconds
1778145602,2,3.000000,1.500000,0.000000,1.500000,3.000000,3.000000,3.000000,3.000000,3.000000,3.000000,0.002838,0.000004,0.039441,0.184794,calls/second,milliseconds
1778145603,2,3.000000,1.500000,0.000000,1.500000,3.000000,3.000000,3.000000,3.000000,3.000000,3.000000,0.002834,0.000003,0.038789,0.183770,calls/second,milliseconds
1778145604,2,3.000000,1.500000,0.000000,1.500000,3.000000,3.000000,3.000000,3.000000,3.000000,3.000000,0.002830,0.000003,0.038789,0.183770,calls/second,milliseconds
1778145605,2,3.000000,1.500000,0.000000,1.500000,3.000000,3.000000,3.000000,3.000000,3.000000,3.000000,0.002826,0.000003,0.038789,0.183770,calls/second,milliseconds
1778145606,2,3.000000,1.500000,0.000000,1.500000,3.000000,3.000000,3.000000,3.000000,3.000000,3.000000,0.002822,0.000003,0.038789,0.183770,calls/second,milliseconds
1778145607,2,3.000000,1.500000,0.000000,1.500000,3.000000,3.000000,3.000000,3.000000,3.000000,3.000000,0.002818,0.000003,0.038789,0.183770,calls/second,milliseconds
1778145608,2,3.000000,1.500000,0.000000,1.500000,3.000000,3.000000,3.000000,3.000000,3.000000,3.000000,0.002814,0.000003,0.038148,0.182752,calls/second,milliseconds
1778145609,2,3.000000,1.500000,0.000000,1.500000,3.000000,3.000000,3.000000,3.000000,3.000000,3.000000,0.002810,0.000003,0.038148,0.182752,calls/second,milliseconds
1778145610,2,3.000000,1.500000,0.000000,1.500000,3.000000,3.000000,3.000000,3.000000,3.000000,3.000000,0.002806,0.000003,0.038148,0.182752,calls/second,milliseconds
1778145611,2,3.000000,1.500000,0.000000,1.500000,3.000000,3.000000,3.000000,3.000000,3.000000,3.000000,0.002802,0.000003,0.038148,0.182752,calls/second,milliseconds
1778145612,2,3.000000,1.500000,0.000000,1.500000,3.000000,3.000000,3.000000,3.000000,3.000000,3.000000,0.002798,0.000003,0.038148,0.182752,calls/second,milliseconds
1778145613,2,3.000000,1.500000,0.000000,1.500000,3.000000,3.000000,3.000000,3.000000,3.000000,3.000000,0.002794,0.000003,0.037517,0.181740,calls/second,milliseconds
1778145614,2,3.000000,1.500000,0.000000,1.500000,3.000000,3.000000,3.000000,3.000000,3.000000,3.000000,0.002791,0.000003,0.037517,0.181740,calls/second,milliseconds
1778145615,2,3.000000,1.500000,0.000000,1.500000,3.000000,3.000000,3.000000,3.000000,3.000000,3.000000,0.002787,0.000003,0.037517,0.181740,calls/second,milliseconds
1778145616,2,3.000000,1.500000,0.000000,1.500000,3.000000,3.000000,3.000000,3.000000,3.000000,3.000000,0.002783,0.000003,0.037517,0.181740,calls/second,milliseconds
1778145617,2,3.000000,1.500000,0.000000,1.500000,3.000000,3.000000,3.000000,3.000000,3.000000,3.000000,0.002779,0.000003,0.037517,0.181740,calls/second,milliseconds
1778145618,2,3.000000,1.500000,0.000000,1.500000,3.000000,3.000000,3.000000,3.000000,3.000000,3.000000,0.002775,0.000003,0.036897,0.180733,calls/second,milliseconds
1778145619,2,3.000000,1.500000,0.000000,1.500000,3.000000,3.000000,3.000000,3.000000,3.000000,3.000000,0.002771,0.000003,0.036897,0.180733,calls/second,milliseconds
1778145620,2,3.000000,1.500000,0.000000,1.500000,3.000000,3.000000,3.000000,3.000000,3.000000,3.000000,0.002767,0.000003,0.036897,0.180733,calls/second,milliseconds
1778145621,2,3.000000,1.500000,0.000000,1.500000,3.000000,3.000000,3.000000,3.000000,3.000000,3.000000,0.002764,0.000003,0.036897,0.180733,calls/second,milliseconds
1778145622,2,3.000000,1.500000,0.000000,1.500000,3.000000,3.000000,3.000000,3.000000,3.000000,3.000000,0.002760,0.000003,0.036897,0.180733,calls/second,milliseconds
1778145623,2,3.000000,1.500000,0.000000,1.500000,3.000000,3.000000,3.000000,3.000000,3.000000,3.000000,0.002756,0.000002,0.036287,0.179732,calls/second,milliseconds
1778145624,2,3.000000,1.500000,0.000000,1.500000,3.000000,3.000000,3.000000,3.000000,3.000000,3.000000,0.002752,0.000002,0.036287,0.179732,calls/second,milliseconds
1778145625,2,3.000000,1.500000,0.000000,1.500000,3.000000,3.000000,3.000000,3.000000,3.000000,3.000000,0.002748,0.000002,0.036287,0.179732,calls/second,milliseconds
1778145626,2,3.000000,1.500000,0.000000,1.500000,3.000000,3.000000,3.000000,3.000000,3.000000,3.000000,0.002745,0.000002,0.036287,0.179732,calls/second,milliseconds
1778145627,2,3.000000,1.500000,0.000000,1.500000,3.000000,3.000000,3.000000,3.000000,3.000000,3.000000,0.002741,0.000002,0.036287,0.179732,calls/second,milliseconds
1778145628,2,3.000000,1.500000,0.000000,1.500000,3.000000,3.000000,3.000000,3.000000,3.000000,3.000000,0.002737,0.000002,0.035687,0.178736,calls/second,milliseconds
1778145629,2,3.000000,1.500000,0.000000,1.500000,3.000000,3.000000,3.000000,3.000000,3.000000,3.000000,0.002733,0.000002,0.035687,0.178736,calls/second,milliseconds
1778145630,2,3.000000,1.500000,0.000000,1.500000,3.000000,3.000000,3.000000,3.000000,3.000000,3.000000,0.002730,0.000002,0.035687,0.178736,calls/second,milliseconds
1778145631,2,3.000000,1.500000,0.000000,1.500000,3.000000,3.000000,3.000000,3.000000,3.000000,3.000000,0.002726,0.000002,0.035687,0.178736,calls/second,milliseconds
1778145632,2,3.000000,1.500000,0.000000,1.500000,3.000000,3.000000,3.000000,3.000000,3.000000,3.000000,0.002722,0.000002,0.035687,0.178736,calls/second,milliseconds
1778145633,2,3.000000,1.500000,0.000000,1.500000,3.000000,3.000000,3.000000,3.000000,3.000000,3.000000,0.002718,0.000002,0.035098,0.177746,calls/second,milliseconds
1778145634,2,3.000000,1.500000,0.000000,1.500000,3.000000,3.000000,3.000000,3.000000,3.000000,3.000000,0.002715,0.000002,0.035098,0.177746,calls/second,milliseconds
1778145635,2,3.000000,1.500000,0.000000,1.500000,3.000000,3.000000,3.000000,3.000000,3.000000,3.000000,0.002711,0.000002,0.035098,0.177746,calls/second,milliseconds
1778145636,2,3.000000,1.500000,0.000000,1.500000,3.000000,3.000000,3.000000,3.000000,3.000000,3.000000,0.002707,0.000002,0.035098,0.177746,calls/second,milliseconds
1778145637,2,3.000000,1.500000,0.000000,1.500000,3.000000,3.000000,3.000000,3.000000,3.000000,3.000000,0.002704,0.000002,0.035098,0.177746,calls/second,milliseconds
1778145638,2,3.000000,1.500000,0.000000,1.500000,3.000000,3.000000,3.000000,3.000000,3.000000,3.000000,0.002700,0.000002,0.034517,0.176761,calls/second,milliseconds
1778145639,2,3.000000,1.500000,0.000000,1.500000,3.000000,3.000000,3.000000,3.000000,3.000000,3.000000,0.002696,0.000002,0.034517,0.176761,calls/second,milliseconds
1778145640,2,3.000000,1.500000,0.000000,1.500000,3.000000,3.000000,3.000000,3.000000,3.000000,3.000000,0.002693,0.000002,0.034517,0.176761,calls/second,milliseconds
1778145641,2,3.000000,1.500000,0.000000,1.500000,3.000000,3.000000,3.000000,3.000000,3.000000,3.000000,0.002689,0.000002,0.034517,0.176761,calls/second,milliseconds
1778145642,2,3.000000,1.500000,0.000000,1.500000,3.000000,3.000000,3.000000,3.000000,3.000000,3.000000,0.002685,0.000002,0.034517,0.176761,calls/second,milliseconds
1778145643,2,3.000000,1.500000,0.000000,1.500000,3.000000,3.000000,3.000000,3.000000,3.000000,3.000000,0.002682,0.000002,0.033947,0.175782,calls/second,milliseconds
1778145644,2,3.000000,1.500000,0.000000,1.500000,3.000000,3.000000,3.000000,3.000000,3.000000,3.000000,0.002678,0.000002,0.033947,0.175782,calls/second,milliseconds
1778145645,2,3.000000,1.500000,0.000000,1.500000,3.000000,3.000000,3.000000,3.000000,3.000000,3.000000,0.002675,0.000002,0.033947,0.175782,calls/second,milliseconds
1778145646,2,3.000000,1.500000,0.000000,1.500000,3.000000,3.000000,3.000000,3.000000,3.000000,3.000000,0.002671,0.000002,0.033947,0.175782,calls/second,milliseconds
1778145647,2,3.000000,1.500000,0.000000,1.500000,3.000000,3.000000,3.000000,3.000000,3.000000,3.000000,0.002668,0.000002,0.033947,0.175782,calls/second,milliseconds
1778145648,2,3.000000,1.500000,0.000000,1.500000,3.000000,3.000000,3.000000,3.000000,3.000000,3.000000,0.002664,0.000002,0.033386,0.174808,calls/second,milliseconds
1778145649,2,3.000000,1.500000,0.000000,1.500000,3.000000,3.000000,3.000000,3.000000,3.000000,3.000000,0.002660,0.000002,0.033386,0.174808,calls/second,milliseconds
1778145650,2,3.000000,1.500000,0.000000,1.500000,3.000000,3.000000,3.000000,3.000000,3.000000,3.000000,0.002657,0.000002,0.033386,0.174808,calls/second,milliseconds
1778145651,2,3.000000,1.500000,0.000000,1.500000,3.000000,3.000000,3.000000,3.000000,3.000000,3.000000,0.002653,0.000002,0.033386,0.174808,calls/second,milliseconds
1778145652,2,3.000000,1.500000,0.000000,1.500000,3.000000,3.000000,3.000000,3.000000,3.000000,3.000000,0.002650,0.000002,0.033386,0.174808,calls/second,milliseconds
1778145653,2,3.000000,1.500000,0.000000,1.500000,3.000000,3.000000,3.000000,3.000000,3.000000,3.000000,0.002646,0.000001,0.032834,0.173839,calls/second,milliseconds
1778145654,2,3.000000,1.500000,0.000000,1.500000,3.000000,3.000000,3.000000,3.000000,3.000000,3.000000,0.002643,0.000001,0.032834,0.173839,calls/second,milliseconds
1778145655,2,3.000000,1.500000,0.000000,1.500000,3.000000,3.000000,3.000000,3.000000,3.000000,3.000000,0.002639,0.000001,0.032834,0.173839,calls/second,milliseconds
1778145656,2,3.000000,1.500000,0.000000,1.500000,3.000000,3.000000,3.000000,3.000000,3.000000,3.000000,0.002636,0.000001,0.032834,0.173839,calls/second,milliseconds
1778145657,2,3.000000,1.500000,0.000000,1.500000,3.000000,3.000000,3.000000,3.000000,3.000000,3.000000,0.002632,0.000001,0.032834,0.173839,calls/second,milliseconds
1778145658,2,3.000000,1.500000,0.000000,1.500000,3.000000,3.000000,3.000000,3.000000,3.000000,3.000000,0.002629,0.000001,0.032291,0.172876,calls/second,milliseconds
1778145659,2,3.000000,1.500000,0.000000,1.500000,3.000000,3.000000,3.000000,3.000000,3.000000,3.000000,0.002625,0.000001,0.032291,0.172876,calls/second,milliseconds
1778145660,2,3.000000,1.500000,0.000000,1.500000,3.000000,3.000000,3.000000,3.000000,3.000000,3.000000,0.002622,0.000001,0.032291,0.172876,calls/second,milliseconds
1778145661,2,3.000000,1.500000,0.000000,1.500000,3.000000,3.000000,3.000000,3.000000,3.000000,3.000000,0.002619,0.000001,0.032291,0.172876,calls/second,milliseconds
1778145662,2,3.000000,1.500000,0.000000,1.500000,3.000000,3.000000,3.000000,3.000000,3.000000,3.000000,0.002615,0.000001,0.032291,0.172876,calls/second,milliseconds
1778145663,2,3.000000,1.500000,0.000000,1.500000,3.000000,3.000000,3.000000,3.000000,3.000000,3.000000,0.002612,0.000001,0.031758,0.171918,calls/second,milliseconds
1778145664,2,3.000000,1.500000,0.000000,1.500000,3.000000,3.000000,3.000000,3.000000,3.000000,3.000000,0.002608,0.000001,0.031758,0.171918,calls/second,milliseconds
1778145665,2,3.000000,1.500000,0.000000,1.500000,3.000000,3.000000,3.000000,3.000000,3.000000,3.000000,0.002605,0.000001,0.031758,0.171918,calls/second,milliseconds
1778145666,2,3.000000,1.500000,0.000000,1.500000,3.000000,3.000000,3.000000,3.000000,3.000000,3.000000,0.002602,0.000001,0.031758,0.171918,calls/second,milliseconds
1778145667,2,3.000000,1.500000,0.000000,1.500000,3.000000,3.000000,3.000000,3.000000,3.000000,3.000000,0.002598,0.000001,0.031758,0.171918,calls/second,milliseconds
1778145668,2,3.000000,1.500000,0.000000,1.500000,3.000000,3.000000,3.000000,3.000000,3.000000,3.000000,0.002595,0.000001,0.031233,0.170966,calls/second,milliseconds
1778145669,2,3.000000,1.500000,0.000000,1.500000,3.000000,3.000000,3.000000,3.000000,3.000000,3.000000,0.002591,0.000001,0.031233,0.170966,calls/second,milliseconds
1778145670,2,3.000000,1.500000,0.000000,1.500000,3.000000,3.000000,3.000000,3.000000,3.000000,3.000000,0.002588,0.000001,0.031233,0.170966,calls/second,milliseconds
1778145671,2,3.000000,1.500000,0.000000,1.500000,3.000000,3.000000,3.000000,3.000000,3.000000,3.000000,0.002585,0.000001,0.031233,0.170966,calls/second,milliseconds
1778145672,2,3.000000,1.500000,0.000000,1.500000,3.000000,3.000000,3.000000,3.000000,3.000000,3.000000,0.002581,0.000001,0.031233,0.170966,calls/second,milliseconds
1778145673,2,3.000000,1.500000,0.000000,1.500000,3.000000,3.000000,3.000000,3.000000,3.000000,3.000000,0.002578,0.000001,0.030716,0.170019,calls/second,milliseconds
1778145674,2,3.000000,1.500000,0.000000,1.500000,3.000000,3.000000,3.000000,3.000000,3.000000,3.000000,0.002575,0.000001,0.030716,0.170019,calls/second,milliseconds
1778145675,2,3.000000,1.500000,0.000000,1.500000,3.000000,3.000000,3.000000,3.000000,3.000000,3.000000,0.002571,0.000001,0.030716,0.170019,calls/second,milliseconds
1778145676,2,3.000000,1.500000,0.000000,1.500000,3.000000,3.000000,3.000000,3.000000,3.000000,3.000000,0.002568,0.000001,0.030716,0.170019,calls/second,milliseconds
1778145677,2,3.000000,1.500000,0.000000,1.500000,3.000000,3.000000,3.000000,3.000000,3.000000,3.000000,0.002565,0.000001,0.030716,0.170019,calls/second,milliseconds
1778145678,2,3.000000,1.500000,0.000000,1.500000,3.000000,3.000000,3.000000,3.000000,3.000000,3.000000,0.002561,0.000001,0.030209,0.169077,calls/second,milliseconds
1778145679,2,3.000000,1.500000,0.000000,1.500000,3.000000,3.000000,3.000000,3.000000,3.000000,3.000000,0.002558,0.000001,0.030209,0.169077,calls/second,milliseconds
1778145680,2,3.000000,1.500000,0.000000,1.500000,3.000000,3.000000,3.000000,3.000000,3.000000,3.000000,0.002555,0.000001,0.030209,0.169077,calls/second,milliseconds
1778145681,2,3.000000,1.500000,0.000000,1.500000,3.000000,3.000000,3.000000,3.000000,3.000000,3.000000,0.002552,0.000001,0.030209,0.169077,calls/second,milliseconds
1778145682,2,3.000000,1.500000,0.000000,1.500000,3.000000,3.000000,3.000000,3.000000,3.000000,3.000000,0.002548,0.000001,0.030209,0.169077,calls/second,milliseconds
1778145683,2,3.000000,1.500000,0.000000,1.500000,3.000000,3.000000,3.000000,3.000000,3.000000,3.000000,0.002545,0.000001,0.029709,0.168140,calls/second,milliseconds
1778145684,2,3.000000,1.500000,0.000000,1.500000,3.000000,3.000000,3.000000,3.000000,3.000000,3.000000,0.002542,0.000001,0.029709,0.168140,calls/second,milliseconds
1778145685,2,3.000000,1.500000,0.000000,1.500000,3.000000,3.000000,3.000000,3.000000,3.000000,3.000000,0.002539,0.000001,0.029709,0.168140,calls/second,milliseconds
1778145686,2,3.000000,1.500000,0.000000,1.500000,3.000000,3.000000,3.000000,3.000000,3.000000,3.000000,0.002535,0.000001,0.029709,0.168140,calls/second,milliseconds
1778145687,2,3.000000,1.500000,0.000000,1.500000,3.000000,3.000000,3.000000,3.000000,3.000000,3.000000,0.002532,0.000001,0.029709,0.168140,calls/second,milliseconds
1778145688,2,3.000000,1.500000,0.000000,1.500000,3.000000,3.000000,3.000000,3.000000,3.000000,3.000000,0.002529,0.000001,0.029218,0.167209,calls/second,milliseconds
1778145689,2,3.000000,1.500000,0.000000,1.500000,3.000000,3.000000,3.000000,3.000000,3.000000,3.000000,0.002526,0.000001,0.029218,0.167209,calls/second,milliseconds
1778145690,2,3.000000,1.500000,0.000000,1.500000,3.000000,3.000000,3.000000,3.000000,3.000000,3.000000,0.002523,0.000001,0.029218,0.167209,calls/second,milliseconds
1778145691,2,3.000000,1.500000,0.000000,1.500000,3.000000,3.000000,3.000000,3.000000,3.000000,3.000000,0.002519,0.000001,0.029218,0.167209,calls/second,milliseconds
1778145692,2,3.000000,1.500000,0.000000,1.500000,3.000000,3.000000,3.000000,3.000000,3.000000,3.000000,0.002516,0.000001,0.029218,0.167209,calls/second,milliseconds
1778145693,2,3.000000,1.500000,0.000000,1.500000,3.000000,3.000000,3.000000,3.000000,3.000000,3.000000,0.002513,0.000001,0.028735,0.166282,calls/second,milliseconds
1778145694,2,3.000000,1.500000,0.000000,1.500000,3.000000,3.000000,3.000000,3.000000,3.000000,3.000000,0.002510,0.000001,0.028735,0.166282,calls/second,milliseconds
1778145695,2,3.000000,1.500000,0.000000,1.500000,3.000000,3.000000,3.000000,3.000000,3.000000,3.000000,0.002507,0.000001,0.028735,0.166282,calls/second,milliseconds
1778145696,2,3.000000,1.500000,0.000000,1.500000,3.000000,3.000000,3.000000,3.000000,3.000000,3.000000,0.002504,0.000001,0.028735,0.166282,calls/second,milliseconds
1778145697,2,3.000000,1.500000,0.000000,1.500000,3.000000,3.000000,3.000000,3.000000,3.000000,3.000000,0.002501,0.000001,0.028735,0.166282,calls/second,milliseconds
1778145698,2,3.000000,1.500000,0.000000,1.500000,3.000000,3.000000,3.000000,3.000000,3.000000,3.000000,0.002497,0.000001,0.028260,0.165361,calls/second,milliseconds
1778145699,2,3.000000,1.500000,0.000000,1.500000,3.000000,3.000000,3.000000,3.000000,3.000000,3.000000,0.002494,0.000001,0.028260,0.165361,calls/second,milliseconds
1778145700,2,3.000000,1.500000,0.000000,1.500000,3.000000,3.000000,3.000000,3.000000,3.000000,3.000000,0.002491,0.000001,0.028260,0.165361,calls/second,milliseconds
1778145701,2,3.000000,1.500000,0.000000,1.500000,3.000000,3.000000,3.000000,3.000000,3.000000,3.000000,0.002488,0.000001,0.028260,0.165361,calls/second,milliseconds
1778145702,2,3.000000,1.500000,0.000000,1.500000,3.000000,3.000000,3.000000,3.000000,3.000000,3.000000,0.002485,0.000001,0.028260,0.165361,calls/second,milliseconds
1778145703,2,3.000000,1.500000,0.000000,1.500000,3.000000,3.000000,3.000000,3.000000,3.000000,3.000000,0.002482,0.000001,0.027793,0.164445,calls/second,milliseconds
1778145704,2,3.000000,1.500000,0.000000,1.500000,3.000000,3.000000,3.000000,3.000000,3.000000,3.000000,0.002479,0.000001,0.027793,0.164445,calls/second,milliseconds
1778145705,2,3.000000,1.500000,0.000000,1.500000,3.000000,3.000000,3.000000,3.000000,3.000000,3.000000,0.002476,0.000001,0.027793,0.164445,calls/second,milliseconds
1778145706,2,3.000000,1.500000,0.000000,1.500000,3.000000,3.000000,3.000000,3.000000,3.000000,3.000000,0.002473,0.000001,0.027793,0.164445,calls/second,milliseconds
1778145707,2,3.000000,1.500000,0.000000,1.500000,3.000000,3.000000,3.000000,3.000000,3.000000,3.000000,0.002470,0.000001,0.027793,0.164445,calls/second,milliseconds
1778145708,2,3.000000,1.500000,0.000000,1.500000,3.000000,3.000000,3.000000,3.000000,3.000000,3.000000,0.002467,0.000001,0.027334,0.163534,calls/second,milliseconds
1778145709,2,3.000000,1.500000,0.000000,1.500000,3.000000,3.000000,3.000000,3.000000,3.000000,3.000000,0.002464,0.000001,0.027334,0.163534,calls/second,milliseconds
1778145710,2,3.000000,1.500000,0.000000,1.500000,3.000000,3.000000,3.000000,3.000000,3.000000,3.000000,0.002460,0.000001,0.027334,0.163534,calls/second,milliseconds
1778145711,2,3.000000,1.500000,0.000000,1.500000,3.000000,3.000000,3.000000,3.000000,3.000000,3.000000,0.002457,0.000001,0.027334,0.163534,calls/second,milliseconds
1778145712,2,3.000000,1.500000,0.000000,1.500000,3.000000,3.000000,3.000000,3.000000,3.000000,3.000000,0.002454,0.000001,0.027334,0.163534,calls/second,milliseconds
1778145713,2,3.000000,1.500000,0.000000,1.500000,3.000000,3.000000,3.000000,3.000000,3.000000,3.000000,0.002451,0.000001,0.026882,0.162628,calls/second,milliseconds
1778145714,2,3.000000,1.500000,0.000000,1.500000,3.000000,3.000000,3.000000,3.000000,3.000000,3.000000,0.002448,0.000001,0.026882,0.162628,calls/second,milliseconds
1778145715,2,3.000000,1.500000,0.000000,1.500000,3.000000,3.000000,3.000000,3.000000,3.000000,3.000000,0.002445,0.000001,0.026882,0.162628,calls/second,milliseconds
1778145716,2,3.000000,1.500000,0.000000,1.500000,3.000000,3.000000,3.000000,3.000000,3.000000,3.000000,0.002442,0.000001,0.026882,0.162628,calls/second,milliseconds
1778145717,2,3.000000,1.500000,0.000000,1.500000,3.000000,3.000000,3.000000,3.000000,3.000000,3.000000,0.002439,0.000001,0.026882,0.162628,calls/second,milliseconds
1778145718,2,3.000000,1.500000,0.000000,1.500000,3.000000,3.000000,3.000000,3.000000,3.000000,3.000000,0.002436,0.000001,0.026438,0.161727,calls/second,milliseconds
1778145719,2,3.000000,1.500000,0.000000,1.500000,3.000000,3.000000,3.000000,3.000000,3.000000,3.000000,0.002434,0.000001,0.026438,0.161727,calls/second,milliseconds
1778145720,2,3.000000,1.500000,0.000000,1.500000,3.000000,3.000000,3.000000,3.000000,3.000000,3.000000,0.002431,0.000001,0.026438,0.161727,calls/second,milliseconds
1778145721,2,3.000000,1.500000,0.000000,1.500000,3.000000,3.000000,3.000000,3.000000,3.000000,3.000000,0.002428,0.000001,0.026438,0.161727,calls/second,milliseconds
1778145722,2,3.000000,1.500000,0.000000,1.500000,3.000000,3.000000,3.000000,3.000000,3.000000,3.000000,0.002425,0.000001,0.026438,0.161727,calls/second,milliseconds
1778145723,2,3.000000,1.500000,0.000000,1.500000,3.000000,3.000000,3.000000,3.000000,3.000000,3.000000,0.002422,0.000000,0.026001,0.160831,calls/second,milliseconds
1778145724,2,3.000000,1.500000,0.000000,1.500000,3.000000,3.000000,3.000000,3.000000,3.000000,3.000000,0.002419,0.000000,0.026001,0.160831,calls/second,milliseconds
1778145725,2,3.000000,1.500000,0.000000,1.500000,3.000000,3.000000,3.000000,3.000000,3.000000,3.000000,0.002416,0.000000,0.026001,0.160831,calls/second,milliseconds
1778145726,2,3.000000,1.500000,0.000000,1.500000,3.000000,3.000000,3.000000,3.000000,3.000000,3.000000,0.002413,0.000000,0.026001,0.160831,calls/second,milliseconds
1778145727,2,3.000000,1.500000,0.000000,1.500000,3.000000,3.000000,3.000000,3.000000,3.000000,3.000000,0.002410,0.000000,0.026001,0.160831,calls/second,milliseconds
1778145728,2,3.000000,1.500000,0.000000,1.500000,3.000000,3.000000,3.000000,3.000000,3.000000,3.000000,0.002407,0.000000,0.025571,0.159940,calls/second,milliseconds
1778145729,2,3.000000,1.500000,0.000000,1.500000,3.000000,3.000000,3.000000,3.000000,3.000000,3.000000,0.002404,0.000000,0.025571,0.159940,calls/second,milliseconds
1778145730,2,3.000000,1.500000,0.000000,1.500000,3.000000,3.000000,3.000000,3.000000,3.000000,3.000000,0.002401,0.000000,0.025571,0.159940,calls/second,milliseconds
1778145731,2,3.000000,1.500000,0.000000,1.500000,3.000000,3.000000,3.000000,3.000000,3.000000,3.000000,0.002398,0.000000,0.025571,0.159940,calls/second,milliseconds
1778145732,2,3.000000,1.500000,0.000000,1.500000,3.000000,3.000000,3.000000,3.000000,3.000000,3.000000,0.002396,0.000000,0.025571,0.159940,calls/second,milliseconds
1778145733,2,3.000000,1.500000,0.000000,1.500000,3.000000,3.000000,3.000000,3.000000,3.000000,3.000000,0.002393,0.000000,0.025148,0.159054,calls/second,milliseconds
1778145734,2,3.000000,1.500000,0.000000,1.500000,3.000000,3.000000,3.000000,3.000000,3.000000,3.000000,0.002390,0.000000,0.025148,0.159054,calls/second,milliseconds
1778145735,2,3.000000,1.500000,0.000000,1.500000,3.000000,3.000000,3.000000,3.000000,3.000000,3.000000,0.002387,0.000000,0.025148,0.159054,calls/second,milliseconds
1778145736,2,3.000000,1.500000,0.000000,1.500000,3.000000,3.000000,3.000000,3.000000,3.000000,3.000000,0.002384,0.000000,0.025148,0.159054,calls/second,milliseconds
1778145737,2,3.000000,1.500000,0.000000,1.500000,3.000000,3.000000,3.000000,3.000000,3.000000,3.000000,0.002381,0.000000,0.025148,0.159054,calls/second,milliseconds
1778145738,2,3.000000,1.500000,0.000000,1.500000,3.000000,3.000000,3.000000,3.000000,3.000000,3.000000,0.002378,0.000000,0.024733,0.158173,calls/second,milliseconds
1778145739,2,3.000000,1.500000,0.000000,1.500000,3.000000,3.000000,3.000000,3.000000,3.000000,3.000000,0.002376,0.000000,0.024733,0.158173,calls/second,milliseconds
1778145740,2,3.000000,1.500000,0.000000,1.500000,3.000000,3.000000,3.000000,3.000000,3.000000,3.000000,0.002373,0.000000,0.024733,0.158173,calls/second,milliseconds
1778145741,2,3.000000,1.500000,0.000000,1.500000,3.000000,3.000000,3.000000,3.000000,3.000000,3.000000,0.002370,0.000000,0.024733,0.158173,calls/second,milliseconds
1778145742,2,3.000000,1.500000,0.000000,1.500000,3.000000,3.000000,3.000000,3.000000,3.000000,3.000000,0.002367,0.000000,0.024733,0.158173,calls/second,milliseconds
1778145743,2,3.000000,1.500000,0.000000,1.500000,3.000000,3.000000,3.000000,3.000000,3.000000,3.000000,0.002364,0.000000,0.024324,0.157296,calls/second,milliseconds
1778145744,2,3.000000,1.500000,0.000000,1.500000,3.000000,3.000000,3.000000,3.000000,3.000000,3.000000,0.002362,0.000000,0.024324,0.157296,calls/second,milliseconds
1778145745,2,3.000000,1.500000,0.000000,1.500000,3.000000,3.000000,3.000000,3.000000,3.000000,3.000000,0.002359,0.000000,0.024324,0.157296,calls/second,milliseconds
1778145746,2,3.000000,1.500000,0.000000,1.500000,3.000000,3.000000,3.000000,3.000000,3.000000,3.000000,0.002356,0.000000,0.024324,0.157296,calls/second,milliseconds
1778145747,2,3.000000,1.500000,0.000000,1.500000,3.000000,3.000000,3.000000,3.000000,3.000000,3.000000,0.002353,0.000000,0.024324,0.157296,calls/second,milliseconds
1778145748,2,3.000000,1.500000,0.000000,1.500000,3.000000,3.000000,3.000000,3.000000,3.000000,3.000000,0.002350,0.000000,0.023922,0.156425,calls/second,milliseconds
1778145749,2,3.000000,1.500000,0.000000,1.500000,3.000000,3.000000,3.000000,3.000000,3.000000,3.000000,0.002348,0.000000,0.023922,0.156425,calls/second,milliseconds
1778145750,2,3.000000,1.500000,0.000000,1.500000,3.000000,3.000000,3.000000,3.000000,3.000000,3.000000,0.002345,0.000000,0.023922,0.156425,calls/second,milliseconds
1778145751,2,3.000000,1.500000,0.000000,1.500000,3.000000,3.000000,3.000000,3.000000,3.000000,3.000000,0.002342,0.000000,0.023922,0.156425,calls/second,milliseconds
1778145752,2,3.000000,1.500000,0.000000,1.500000,3.000000,3.000000,3.000000,3.000000,3.000000,3.000000,0.002339,0.000000,0.023922,0.156425,calls/second,milliseconds
1778145753,2,3.000000,1.500000,0.000000,1.500000,3.000000,3.000000,3.000000,3.000000,3.000000,3.000000,0.002337,0.000000,0.023527,0.155558,calls/second,milliseconds
1778145754,2,3.000000,1.500000,0.000000,1.500000,3.000000,3.000000,3.000000,3.000000,3.000000,3.000000,0.002334,0.000000,0.023527,0.155558,calls/second,milliseconds
1778145755,2,3.000000,1.500000,0.000000,1.500000,3.000000,3.000000,3.000000,3.000000,3.000000,3.000000,0.002331,0.000000,0.023527,0.155558,calls/second,milliseconds
1778145756,2,3.000000,1.500000,0.000000,1.500000,3.000000,3.000000,3.000000,3.000000,3.000000,3.000000,0.002329,0.000000,0.023527,0.155558,calls/second,milliseconds
1778145757,2,3.000000,1.500000,0.000000,1.500000,3.000000,3.000000,3.000000,3.000000,3.000000,3.000000,0.002326,0.000000,0.023527,0.155558,calls/second,milliseconds
1778145758,2,3.000000,1.500000,0.000000,1.500000,3.000000,3.000000,3.000000,3.000000,3.000000,3.000000,0.002323,0.000000,0.023138,0.154696,calls/second,milliseconds
1778145759,2,3.000000,1.500000,0.000000,1.500000,3.000000,3.000000,3.000000,3.000000,3.000000,3.000000,0.002320,0.000000,0.023138,0.154696,calls/second,milliseconds
1778145760,2,3.000000,1.500000,0.000000,1.500000,3.000000,3.000000,3.000000,3.000000,3.000000,3.000000,0.002318,0.000000,0.023138,0.154696,calls/second,milliseconds
1778145761,2,3.000000,1.500000,0.000000,1.500000,3.000000,3.000000,3.000000,3.000000,3.000000,3.000000,0.002315,0.000000,0.023138,0.154696,calls/second,milliseconds
1778145762,2,3.000000,1.500000,0.000000,1.500000,3.000000,3.000000,3.000000,3.000000,3.000000,3.000000,0.002312,0.000000,0.023138,0.154696,calls/second,milliseconds
1778145763,2,3.000000,1.500000,0.000000,1.500000,3.000000,3.000000,3.000000,3.000000,3.000000,3.000000,0.002310,0.000000,0.022755,0.153839,calls/second,milliseconds
1778145764,2,3.000000,1.500000,0.000000,1.500000,3.000000,3.000000,3.000000,3.000000,3.000000,3.000000,0.002307,0.000000,0.022755,0.153839,calls/second,milliseconds
1778145765,2,3.000000,1.500000,0.000000,1.500000,3.000000,3.000000,3.000000,3.000000,3.000000,3.000000,0.002304,0.000000,0.022755,0.153839,calls/second,milliseconds
1778145766,2,3.000000,1.500000,0.000000,1.500000,3.000000,3.000000,3.000000,3.000000,3.000000,3.000000,0.002302,0.000000,0.022755,0.153839,calls/second,milliseconds
1778145767,2,3.000000,1.500000,0.000000,1.500000,3.000000,3.000000,3.000000,3.000000,3.000000,3.000000,0.002299,0.000000,0.022755,0.153839,calls/second,milliseconds
1778145768,2,3.000000,1.500000,0.000000,1.500000,3.000000,3.000000,3.000000,3.000000,3.000000,3.000000,0.002296,0.000000,0.022379,0.152987,calls/second,milliseconds
1778145769,2,3.000000,1.500000,0.000000,1.500000,3.000000,3.000000,3.000000,3.000000,3.000000,3.000000,0.002294,0.000000,0.022379,0.152987,calls/second,milliseconds
1778145770,2,3.000000,1.500000,0.000000,1.500000,3.000000,3.000000,3.000000,3.000000,3.000000,3.000000,0.002291,0.000000,0.022379,0.152987,calls/second,milliseconds
1778145771,2,3.000000,1.500000,0.000000,1.500000,3.000000,3.000000,3.000000,3.000000,3.000000,3.000000,0.002289,0.000000,0.022379,0.152987,calls/second,milliseconds
1778145772,2,3.000000,1.500000,0.000000,1.500000,3.000000,3.000000,3.000000,3.000000,3.000000,3.000000,0.002286,0.000000,0.022379,0.152987,calls/second,milliseconds
1778145773,2,3.000000,1.500000,0.000000,1.500000,3.000000,3.000000,3.000000,3.000000,3.000000,3.000000,0.002283,0.000000,0.022009,0.152140,calls/second,milliseconds
1778145774,2,3.000000,1.500000,0.000000,1.500000,3.000000,3.000000,3.000000,3.000000,3.000000,3.000000,0.002281,0.000000,0.022009,0.152140,calls/second,milliseconds
1778145775,2,3.000000,1.500000,0.000000,1.500000,3.000000,3.000000,3.000000,3.000000,3.000000,3.000000,0.002278,0.000000,0.022009,0.152140,calls/second,milliseconds
1778145776,2,3.000000,1.500000,0.000000,1.500000,3.000000,3.000000,3.000000,3.000000,3.000000,3.000000,0.002275,0.000000,0.022009,0.152140,calls/second,milliseconds
1778145777,2,3.000000,1.500000,0.000000,1.500000,3.000000,3.000000,3.000000,3.000000,3.000000,3.000000,0.002273,0.000000,0.022009,0.152140,calls/second,milliseconds
1778145778,2,3.000000,1.500000,0.000000,1.500000,3.000000,3.000000,3.000000,3.000000,3.000000,3.000000,0.002270,0.000000,0.021646,0.151297,calls/second,milliseconds
1778145779,2,3.000000,1.500000,0.000000,1.500000,3.000000,3.000000,3.000000,3.000000,3.000000,3.000000,0.002268,0.000000,0.021646,0.151297,calls/second,milliseconds
1778145780,2,3.000000,1.500000,0.000000,1.500000,3.000000,3.000000,3.000000,3.000000,3.000000,3.000000,0.002265,0.000000,0.021646,0.151297,calls/second,milliseconds
1778145781,2,3.000000,1.500000,0.000000,1.500000,3.000000,3.000000,3.000000,3.000000,3.000000,3.000000,0.002263,0.000000,0.021646,0.151297,calls/second,milliseconds
1778145782,2,3.000000,1.500000,0.000000,1.500000,3.000000,3.000000,3.000000,3.000000,3.000000,3.000000,0.002260,0.000000,0.021646,0.151297,calls/second,milliseconds
1778145783,2,3.000000,1.500000,0.000000,1.500000,3.000000,3.000000,3.000000,3.000000,3.000000,3.000000,0.002257,0.000000,0.021288,0.150458,calls/second,milliseconds
1778145784,2,3.000000,1.500000,0.000000,1.500000,3.000000,3.000000,3.000000,3.000000,3.000000,3.000000,0.002255,0.000000,0.021288,0.150458,calls/second,milliseconds
1778145785,2,3.000000,1.500000,0.000000,1.500000,3.000000,3.000000,3.000000,3.000000,3.000000,3.000000,0.002252,0.000000,0.021288,0.150458,calls/second,milliseconds
1778145786,2,3.000000,1.500000,0.000000,1.500000,3.000000,3.000000,3.000000,3.000000,3.000000,3.000000,0.002250,0.000000,0.021288,0.150458,calls/second,milliseconds
1778145787,2,3.000000,1.500000,0.000000,1.500000,3.000000,3.000000,3.000000,3.000000,3.000000,3.000000,0.002247,0.000000,0.021288,0.150458,calls/second,milliseconds
1778145788,2,3.000000,1.500000,0.000000,1.500000,3.000000,3.000000,3.000000,3.000000,3.000000,3.000000,0.002245,0.000000,0.020936,0.149625,calls/second,milliseconds
1778145789,2,3.000000,1.500000,0.000000,1.500000,3.000000,3.000000,3.000000,3.000000,3.000000,3.000000,0.002242,0.000000,0.020936,0.149625,calls/second,milliseconds
1778145790,2,3.000000,1.500000,0.000000,1.500000,3.000000,3.000000,3.000000,3.000000,3.000000,3.000000,0.002240,0.000000,0.020936,0.149625,calls/second,milliseconds
1778145791,2,3.000000,1.500000,0.000000,1.500000,3.000000,3.000000,3.000000,3.000000,3.000000,3.000000,0.002237,0.000000,0.020936,0.149625,calls/second,milliseconds
1778145792,2,3.000000,1.500000,0.000000,1.500000,3.000000,3.000000,3.000000,3.000000,3.000000,3.000000,0.002235,0.000000,0.020936,0.149625,calls/second,milliseconds
1778145793,2,3.000000,1.500000,0.000000,1.500000,3.000000,3.000000,3.000000,3.000000,3.000000,3.000000,0.002232,0.000000,0.020590,0.148796,calls/second,milliseconds
1778145794,2,3.000000,1.500000,0.000000,1.500000,3.000000,3.000000,3.000000,3.000000,3.000000,3.000000,0.002230,0.000000,0.020590,0.148796,calls/second,milliseconds
1778145795,2,3.000000,1.500000,0.000000,1.500000,3.000000,3.000000,3.000000,3.000000,3.000000,3.000000,0.002227,0.000000,0.020590,0.148796,calls/second,milliseconds
1778145796,2,3.000000,1.500000,0.000000,1.500000,3.000000,3.000000,3.000000,3.000000,3.000000,3.000000,0.002225,0.000000,0.020590,0.148796,calls/second,milliseconds
1778145797,2,3.000000,1.500000,0.000000,1.500000,3.000000,3.000000,3.000000,3.000000,3.000000,3.000000,0.002222,0.000000,0.020590,0.148796,calls/second,milliseconds
1778145798,2,3.000000,1.500000,0.000000,1.500000,3.000000,3.000000,3.000000,3.000000,3.000000,3.000000,0.002220,0.000000,0.020250,0.147972,calls/second,milliseconds
1778145799,2,3.000000,1.500000,0.000000,1.500000,3.000000,3.000000,3.000000,3.000000,3.000000,3.000000,0.002217,0.000000,0.020250,0.147972,calls/second,milliseconds
1778145800,2,3.000000,1.500000,0.000000,1.500000,3.000000,3.000000,3.000000,3.000000,3.000000,3.000000,0.002215,0.000000,0.020250,0.147972,calls/second,milliseconds
1778145801,2,3.000000,1.500000,0.000000,1.500000,3.000000,3.000000,3.000000,3.000000,3.000000,3.000000,0.002212,0.000000,0.020250,0.147972,calls/second,milliseconds
1778145802,2,3.000000,1.500000,0.000000,1.500000,3.000000,3.000000,3.000000,3.000000,3.000000,3.000000,0.002210,0.000000,0.020250,0.147972,calls/second,milliseconds
1778145803,2,3.000000,1.500000,0.000000,1.500000,3.000000,3.000000,3.000000,3.000000,3.000000,3.000000,0.002208,0.000000,0.019915,0.147152,calls/second,milliseconds
1778145804,2,3.000000,1.500000,0.000000,1.500000,3.000000,3.000000,3.000000,3.000000,3.000000,3.000000,0.002205,0.000000,0.019915,0.147152,calls/second,milliseconds
1778145805,2,3.000000,1.500000,0.000000,1.500000,3.000000,3.000000,3.000000,3.000000,3.000000,3.000000,0.002203,0.000000,0.019915,0.147152,calls/second,milliseconds
1778145806,2,3.000000,1.500000,0.000000,1.500000,3.000000,3.000000,3.000000,3.000000,3.000000,3.000000,0.002200,0.000000,0.019915,0.147152,calls/second,milliseconds
1778145807,2,3.000000,1.500000,0.000000,1.500000,3.000000,3.000000,3.000000,3.000000,3.000000,3.000000,0.002198,0.000000,0.019915,0.147152,calls/second,milliseconds
1778145808,2,3.000000,1.500000,0.000000,1.500000,3.000000,3.000000,3.000000,3.000000,3.000000,3.000000,0.002195,0.000000,0.019586,0.146337,calls/second,milliseconds
1778145809,2,3.000000,1.500000,0.000000,1.500000,3.000000,3.000000,3.000000,3.000000,3.000000,3.000000,0.002193,0.000000,0.019586,0.146337,calls/second,milliseconds
1778145810,2,3.000000,1.500000,0.000000,1.500000,3.000000,3.000000,3.000000,3.000000,3.000000,3.000000,0.002191,0.000000,0.019586,0.146337,calls/second,milliseconds
1778145811,2,3.000000,1.500000,0.000000,1.500000,3.000000,3.000000,3.000000,3.000000,3.000000,3.000000,0.002188,0.000000,0.019586,0.146337,calls/second,milliseconds
1778145812,2,3.000000,1.500000,0.000000,1.500000,3.000000,3.000000,3.000000,3.000000,3.000000,3.000000,0.002186,0.000000,0.019586,0.146337,calls/second,milliseconds
1778145813,2,3.000000,1.500000,0.000000,1.500000,3.000000,3.000000,3.000000,3.000000,3.000000,3.000000,0.002183,0.000000,0.019262,0.145526,calls/second,milliseconds
1778145814,2,3.000000,1.500000,0.000000,1.500000,3.000000,3.000000,3.000000,3.000000,3.000000,3.000000,0.002181,0.000000,0.019262,0.145526,calls/second,milliseconds
1778145815,2,3.000000,1.500000,0.000000,1.500000,3.000000,3.000000,3.000000,3.000000,3.000000,3.000000,0.002179,0.000000,0.019262,0.145526,calls/second,milliseconds
1778145816,2,3.000000,1.500000,0.000000,1.500000,3.000000,3.000000,3.000000,3.000000,3.000000,3.000000,0.002176,0.000000,0.019262,0.145526,calls/second,milliseconds
1778145817,2,3.000000,1.500000,0.000000,1.500000,3.000000,3.000000,3.000000,3.000000,3.000000,3.000000,0.002174,0.000000,0.019262,0.145526,calls/second,milliseconds
1778145818,2,3.000000,1.500000,0.000000,1.500000,3.000000,3.000000,3.000000,3.000000,3.000000,3.000000,0.002172,0.000000,0.018944,0.144720,calls/second,milliseconds
1778145819,2,3.000000,1.500000,0.000000,1.500000,3.000000,3.000000,3.000000,3.000000,3.000000,3.000000,0.002169,0.000000,0.018944,0.144720,calls/second,milliseconds
1778145820,2,3.000000,1.500000,0.000000,1.500000,3.000000,3.000000,3.000000,3.000000,3.000000,3.000000,0.002167,0.000000,0.018944,0.144720,calls/second,milliseconds
1778145821,2,3.000000,1.500000,0.000000,1.500000,3.000000,3.000000,3.000000,3.000000,3.000000,3.000000,0.002165,0.000000,0.018944,0.144720,calls/second,milliseconds
1778145822,2,3.000000,1.500000,0.000000,1.500000,3.000000,3.000000,3.000000,3.000000,3.000000,3.000000,0.002162,0.000000,0.018944,0.144720,calls/second,milliseconds
1778145823,2,3.000000,1.500000,0.000000,1.500000,3.000000,3.000000,3.000000,3.000000,3.000000,3.000000,0.002160,0.000000,0.018630,0.143918,calls/second,milliseconds
1778145824,2,3.000000,1.500000,0.000000,1.500000,3.000000,3.000000,3.000000,3.000000,3.000000,3.000000,0.002157,0.000000,0.018630,0.143918,calls/second,milliseconds
1778145825,2,3.000000,1.500000,0.000000,1.500000,3.000000,3.000000,3.000000,3.000000,3.000000,3.000000,0.002155,0.000000,0.018630,0.143918,calls/second,milliseconds
1778145826,2,3.000000,1.500000,0.000000,1.500000,3.000000,3.000000,3.000000,3.000000,3.000000,3.000000,0.002153,0.000000,0.018630,0.143918,calls/second,milliseconds
1778145827,2,3.000000,1.500000,0.000000,1.500000,3.000000,3.000000,3.000000,3.000000,3.000000,3.000000,0.002151,0.000000,0.018323,0.143120,calls/second,milliseconds
1778145828,2,3.000000,1.500000,0.000000,1.500000,3.000000,3.000000,3.000000,3.000000,3.000000,3.000000,0.002148,0.000000,0.018323,0.143120,calls/second,milliseconds
1778145829,2,3.000000,1.500000,0.000000,1.500000,3.000000,3.000000,3.000000,3.000000,3.000000,3.000000,0.002146,0.000000,0.018323,0.143120,calls/second,milliseconds
1778145830,2,3.000000,1.500000,0.000000,1.500000,3.000000,3.000000,3.000000,3.000000,3.000000,3.000000,0.002144,0.000000,0.018323,0.143120,calls/second,milliseconds
1778145831,2,3.000000,1.500000,0.000000,1.500000,3.000000,3.000000,3.000000,3.000000,3.000000,3.000000,0.002141,0.000000,0.018323,0.143120,calls/second,milliseconds
1778145832,2,3.000000,1.500000,0.000000,1.500000,3.000000,3.000000,3.000000,3.000000,3.000000,3.000000,0.002139,0.000000,0.018020,0.142328,calls/second,milliseconds
1778145833,2,3.000000,1.500000,0.000000,1.500000,3.000000,3.000000,3.000000,3.000000,3.000000,3.000000,0.002137,0.000000,0.018020,0.142328,calls/second,milliseconds
1778145834,2,3.000000,1.500000,0.000000,1.500000,3.000000,3.000000,3.000000,3.000000,3.000000,3.000000,0.002134,0.000000,0.018020,0.142328,calls/second,milliseconds
1778145835,2,3.000000,1.500000,0.000000,1.500000,3.000000,3.000000,3.000000,3.000000,3.000000,3.000000,0.002132,0.000000,0.018020,0.142328,calls/second,milliseconds
1778145836,2,3.000000,1.500000,0.000000,1.500000,3.000000,3.000000,3.000000,3.000000,3.000000,3.000000,0.002130,0.000000,0.018020,0.142328,calls/second,milliseconds
1778145837,2,3.000000,1.500000,0.000000,1.500000,3.000000,3.000000,3.000000,3.000000,3.000000,3.000000,0.002128,0.000000,0.017722,0.141539,calls/second,milliseconds
1778145838,2,3.000000,1.500000,0.000000,1.500000,3.000000,3.000000,3.000000,3.000000,3.000000,3.000000,0.002125,0.000000,0.017722,0.141539,calls/second,milliseconds
1778145839,2,3.000000,1.500000,0.000000,1.500000,3.000000,3.000000,3.000000,3.000000,3.000000,3.000000,0.002123,0.000000,0.017722,0.141539,calls/second,milliseconds
1778145840,2,3.000000,1.500000,0.000000,1.500000,3.000000,3.000000,3.000000,3.000000,3.000000,3.000000,0.002121,0.000000,0.017722,0.141539,calls/second,milliseconds
1778145841,2,3.000000,1.500000,0.000000,1.500000,3.000000,3.000000,3.000000,3.000000,3.000000,3.000000,0.002119,0.000000,0.017722,0.141539,calls/second,milliseconds
1778145842,2,3.000000,1.500000,0.000000,1.500000,3.000000,3.000000,3.000000,3.000000,3.000000,3.000000,0.002116,0.000000,0.017429,0.140755,calls/second,milliseconds
1778145843,2,3.000000,1.500000,0.000000,1.500000,3.000000,3.000000,3.000000,3.000000,3.000000,3.000000,0.002114,0.000000,0.017429,0.140755,calls/second,milliseconds
1778145844,2,3.000000,1.500000,0.000000,1.500000,3.000000,3.000000,3.000000,3.000000,3.000000,3.000000,0.002112,0.000000,0.017429,0.140755,calls/second,milliseconds
1778145845,2,3.000000,1.500000,0.000000,1.500000,3.000000,3.000000,3.000000,3.000000,3.000000,3.000000,0.002110,0.000000,0.017429,0.140755,calls/second,milliseconds
1778145846,2,3.000000,1.500000,0.000000,1.500000,3.000000,3.000000,3.000000,3.000000,3.000000,3.000000,0.002107,0.000000,0.017429,0.140755,calls/second,milliseconds
1778145847,2,3.000000,1.500000,0.000000,1.500000,3.000000,3.000000,3.000000,3.000000,3.000000,3.000000,0.002105,0.000000,0.017141,0.139975,calls/second,milliseconds
1778145848,2,3.000000,1.500000,0.000000,1.500000,3.000000,3.000000,3.000000,3.000000,3.000000,3.000000,0.002103,0.000000,0.017141,0.139975,calls/second,milliseconds
1778145849,2,3.000000,1.500000,0.000000,1.500000,3.000000,3.000000,3.000000,3.000000,3.000000,3.000000,0.002101,0.000000,0.017141,0.139975,calls/second,milliseconds
1778145850,2,3.000000,1.500000,0.000000,1.500000,3.000000,3.000000,3.000000,3.000000,3.000000,3.000000,0.002099,0.000000,0.017141,0.139975,calls/second,milliseconds
1778145851,2,3.000000,1.500000,0.000000,1.500000,3.000000,3.000000,3.000000,3.000000,3.000000,3.000000,0.002096,0.000000,0.017141,0.139975,calls/second,milliseconds
1778145852,2,3.000000,1.500000,0.000000,1.500000,3.000000,3.000000,3.000000,3.000000,3.000000,3.000000,0.002094,0.000000,0.016858,0.139200,calls/second,milliseconds
1778145853,2,3.000000,1.500000,0.000000,1.500000,3.000000,3.000000,3.000000,3.000000,3.000000,3.000000,0.002092,0.000000,0.016858,0.139200,calls/second,milliseconds
1778145854,2,3.000000,1.500000,0.000000,1.500000,3.000000,3.000000,3.000000,3.000000,3.000000,3.000000,0.002090,0.000000,0.016858,0.139200,calls/second,milliseconds
1778145855,2,3.000000,1.500000,0.000000,1.500000,3.000000,3.000000,3.000000,3.000000,3.000000,3.000000,0.002088,0.000000,0.016858,0.139200,calls/second,milliseconds
1778145856,2,3.000000,1.500000,0.000000,1.500000,3.000000,3.000000,3.000000,3.000000,3.000000,3.000000,0.002085,0.000000,0.016858,0.139200,calls/second,milliseconds
1778145857,2,3.000000,1.500000,0.000000,1.500000,3.000000,3.000000,3.000000,3.000000,3.000000,3.000000,0.002083,0.000000,0.016579,0.138428,calls/second,milliseconds
1778145858,2,3.000000,1.500000,0.000000,1.500000,3.000000,3.000000,3.000000,3.000000,3.000000,3.000000,0.002081,0.000000,0.016579,0.138428,calls/second,milliseconds
1778145859,2,3.000000,1.500000,0.000000,1.500000,3.000000,3.000000,3.000000,3.000000,3.000000,3.000000,0.002079,0.000000,0.016579,0.138428,calls/second,milliseconds
1778145860,2,3.000000,1.500000,0.000000,1.500000,3.000000,3.000000,3.000000,3.000000,3.000000,3.000000,0.002077,0.000000,0.016579,0.138428,calls/second,milliseconds
1778145861,2,3.000000,1.500000,0.000000,1.500000,3.000000,3.000000,3.000000,3.000000,3.000000,3.000000,0.002075,0.000000,0.016579,0.138428,calls/second,milliseconds
1778145862,2,3.000000,1.500000,0.000000,1.500000,3.000000,3.000000,3.000000,3.000000,3.000000,3.000000,0.002072,0.000000,0.016305,0.137662,calls/second,milliseconds
1778145863,2,3.000000,1.500000,0.000000,1.500000,3.000000,3.000000,3.000000,3.000000,3.000000,3.000000,0.002070,0.000000,0.016305,0.137662,calls/second,milliseconds
1778145864,2,3.000000,1.500000,0.000000,1.500000,3.000000,3.000000,3.000000,3.000000,3.000000,3.000000,0.002068,0.000000,0.016305,0.137662,calls/second,milliseconds
1778145865,2,3.000000,1.500000,0.000000,1.500000,3.000000,3.000000,3.000000,3.000000,3.000000,3.000000,0.002066,0.000000,0.016305,0.137662,calls/second,milliseconds
1778145866,2,3.000000,1.500000,0.000000,1.500000,3.000000,3.000000,3.000000,3.000000,3.000000,3.000000,0.002064,0.000000,0.016305,0.137662,calls/second,milliseconds
1778145867,2,3.000000,1.500000,0.000000,1.500000,3.000000,3.000000,3.000000,3.000000,3.000000,3.000000,0.002062,0.000000,0.016035,0.136899,calls/second,milliseconds
1778145868,2,3.000000,1.500000,0.000000,1.500000,3.000000,3.000000,3.000000,3.000000,3.000000,3.000000,0.002060,0.000000,0.016035,0.136899,calls/second,milliseconds
1778145869,2,3.000000,1.500000,0.000000,1.500000,3.000000,3.000000,3.000000,3.000000,3.000000,3.000000,0.002057,0.000000,0.016035,0.136899,calls/second,milliseconds
1778145870,2,3.000000,1.500000,0.000000,1.500000,3.000000,3.000000,3.000000,3.000000,3.000000,3.000000,0.002055,0.000000,0.016035,0.136899,calls/second,milliseconds
1778145871,2,3.000000,1.500000,0.000000,1.500000,3.000000,3.000000,3.000000,3.000000,3.000000,3.000000,0.002053,0.000000,0.016035,0.136899,calls/second,milliseconds
1778145872,2,3.000000,1.500000,0.000000,1.500000,3.000000,3.000000,3.000000,3.000000,3.000000,3.000000,0.002051,0.000000,0.015770,0.136140,calls/second,milliseconds
1778145873,2,3.000000,1.500000,0.000000,1.500000,3.000000,3.000000,3.000000,3.000000,3.000000,3.000000,0.002049,0.000000,0.015770,0.136140,calls/second,milliseconds
1778145874,2,3.000000,1.500000,0.000000,1.500000,3.000000,3.000000,3.000000,3.000000,3.000000,3.000000,0.002047,0.000000,0.015770,0.136140,calls/second,milliseconds
1778145875,2,3.000000,1.500000,0.000000,1.500000,3.000000,3.000000,3.000000,3.000000,3.000000,3.000000,0.002045,0.000000,0.015770,0.136140,calls/second,milliseconds
1778145876,2,3.000000,1.500000,0.000000,1.500000,3.000000,3.000000,3.000000,3.000000,3.000000,3.000000,0.002043,0.000000,0.015770,0.136140,calls/second,milliseconds
1778145877,2,3.000000,1.500000,0.000000,1.500000,3.000000,3.000000,3.000000,3.000000,3.000000,3.000000,0.002041,0.000000,0.015510,0.135386,calls/second,milliseconds
1778145878,2,3.000000,1.500000,0.000000,1.500000,3.000000,3.000000,3.000000,3.000000,3.000000,3.000000,0.002039,0.000000,0.015510,0.135386,calls/second,milliseconds
1778145879,2,3.000000,1.500000,0.000000,1.500000,3.000000,3.000000,3.000000,3.000000,3.000000,3.000000,0.002037,0.000000,0.015510,0.135386,calls/second,milliseconds
1778145880,2,3.000000,1.500000,0.000000,1.500000,3.000000,3.000000,3.000000,3.000000,3.000000,3.000000,0.002034,0.000000,0.015510,0.135386,calls/second,milliseconds
1778145881,2,3.000000,1.500000,0.000000,1.500000,3.000000,3.000000,3.000000,3.000000,3.000000,3.000000,0.002032,0.000000,0.015510,0.135386,calls/second,milliseconds
1778145882,2,3.000000,1.500000,0.000000,1.500000,3.000000,3.000000,3.000000,3.000000,3.000000,3.000000,0.002030,0.000000,0.015253,0.134636,calls/second,milliseconds
1778145883,2,3.000000,1.500000,0.000000,1.500000,3.000000,3.000000,3.000000,3.000000,3.000000,3.000000,0.002028,0.000000,0.015253,0.134636,calls/second,milliseconds
1778145884,2,3.000000,1.500000,0.000000,1.500000,3.000000,3.000000,3.000000,3.000000,3.000000,3.000000,0.002026,0.000000,0.015253,0.134636,calls/second,milliseconds
1778145885,2,3.000000,1.500000,0.000000,1.500000,3.000000,3.000000,3.000000,3.000000,3.000000,3.000000,0.002024,0.000000,0.015253,0.134636,calls/second,milliseconds
1778145886,2,3.000000,1.500000,0.000000,1.500000,3.000000,3.000000,3.000000,3.000000,3.000000,3.000000,0.002022,0.000000,0.015253,0.134636,calls/second,milliseconds
1778145887,2,3.000000,1.500000,0.000000,1.500000,3.000000,3.000000,3.000000,3.000000,3.000000,3.000000,0.002020,0.000000,0.015001,0.133890,calls/second,milliseconds
1778145888,2,3.000000,1.500000,0.000000,1.500000,3.000000,3.000000,3.000000,3.000000,3.000000,3.000000,0.002018,0.000000,0.015001,0.133890,calls/second,milliseconds
1778145889,2,3.000000,1.500000,0.000000,1.500000,3.000000,3.000000,3.000000,3.000000,3.000000,3.000000,0.002016,0.000000,0.015001,0.133890,calls/second,milliseconds
1778145890,2,3.000000,1.500000,0.000000,1.500000,3.000000,3.000000,3.000000,3.000000,3.000000,3.000000,0.002014,0.000000,0.015001,0.133890,calls/second,milliseconds
1778145891,2,3.000000,1.500000,0.000000,1.500000,3.000000,3.000000,3.000000,3.000000,3.000000,3.000000,0.002012,0.000000,0.015001,0.133890,calls/second,milliseconds
1778145892,2,3.000000,1.500000,0.000000,1.500000,3.000000,3.000000,3.000000,3.000000,3.000000,3.000000,0.002010,0.000000,0.014753,0.133148,calls/second,milliseconds
1778145893,2,3.000000,1.500000,0.000000,1.500000,3.000000,3.000000,3.000000,3.000000,3.000000,3.000000,0.002008,0.000000,0.014753,0.133148,calls/second,milliseconds
1778145894,2,3.000000,1.500000,0.000000,1.500000,3.000000,3.000000,3.000000,3.000000,3.000000,3.000000,0.002006,0.000000,0.014753,0.133148,calls/second,milliseconds
1778145895,2,3.000000,1.500000,0.000000,1.500000,3.000000,3.000000,3.000000,3.000000,3.000000,3.000000,0.002004,0.000000,0.014753,0.133148,calls/second,milliseconds
1778145896,2,3.000000,1.500000,0.000000,1.500000,3.000000,3.000000,3.000000,3.000000,3.000000,3.000000,0.002002,0.000000,0.014753,0.133148,calls/second,milliseconds
1778145897,2,3.000000,1.500000,0.000000,1.500000,3.000000,3.000000,3.000000,3.000000,3.000000,3.000000,0.002000,0.000000,0.014509,0.132411,calls/second,milliseconds
1778145898,2,3.000000,1.500000,0.000000,1.500000,3.000000,3.000000,3.000000,3.000000,3.000000,3.000000,0.001998,0.000000,0.014509,0.132411,calls/second,milliseconds
1778145899,2,3.000000,1.500000,0.000000,1.500000,3.000000,3.000000,3.000000,3.000000,3.000000,3.000000,0.001996,0.000000,0.014509,0.132411,calls/second,milliseconds
1778145900,2,3.000000,1.500000,0.000000,1.500000,3.000000,3.000000,3.000000,3.000000,3.000000,3.000000,0.001994,0.000000,0.014509,0.132411,calls/second,milliseconds
1778145901,2,3.000000,1.500000,0.000000,1.500000,3.000000,3.000000,3.000000,3.000000,3.000000,3.000000,0.001992,0.000000,0.014509,0.132411,calls/second,milliseconds
1778145902,2,3.000000,1.500000,0.000000,1.500000,3.000000,3.000000,3.000000,3.000000,3.000000,3.000000,0.001990,0.000000,0.014270,0.131677,calls/second,milliseconds
1778145903,2,3.000000,1.500000,0.000000,1.500000,3.000000,3.000000,3.000000,3.000000,3.000000,3.000000,0.001988,0.000000,0.014270,0.131677,calls/second,milliseconds
1778145904,2,3.000000,1.500000,0.000000,1.500000,3.000000,3.000000,3.000000,3.000000,3.000000,3.000000,0.001986,0.000000,0.014270,0.131677,calls/second,milliseconds
1778145905,2,3.000000,1.500000,0.000000,1.500000,3.000000,3.000000,3.000000,3.000000,3.000000,3.000000,0.001984,0.000000,0.014270,0.131677,calls/second,milliseconds
1778145906,2,3.000000,1.500000,0.000000,1.500000,3.000000,3.000000,3.000000,3.000000,3.000000,3.000000,0.001982,0.000000,0.014270,0.131677,calls/second,milliseconds
1778145907,2,3.000000,1.500000,0.000000,1.500000,3.000000,3.000000,3.000000,3.000000,3.000000,3.000000,0.001980,0.000000,0.014034,0.130948,calls/second,milliseconds
1778145908,2,3.000000,1.500000,0.000000,1.500000,3.000000,3.000000,3.000000,3.000000,3.000000,3.000000,0.001978,0.000000,0.014034,0.130948,calls/second,milliseconds
1778145909,2,3.000000,1.500000,0.000000,1.500000,3.000000,3.000000,3.000000,3.000000,3.000000,3.000000,0.001976,0.000000,0.014034,0.130948,calls/second,milliseconds
1778145910,2,3.000000,1.500000,0.000000,1.500000,3.000000,3.000000,3.000000,3.000000,3.000000,3.000000,0.001974,0.000000,0.014034,0.130948,calls/second,milliseconds
1778145911,2,3.000000,1.500000,0.000000,1.500000,3.000000,3.000000,3.000000,3.000000,3.000000,3.000000,0.001972,0.000000,0.014034,0.130948,calls/second,milliseconds
1778145912,2,3.000000,1.500000,0.000000,1.500000,3.000000,3.000000,3.000000,3.000000,3.000000,3.000000,0.001970,0.000000,0.013802,0.130222,calls/second,milliseconds
1778145913,2,3.000000,1.500000,0.000000,1.500000,3.000000,3.000000,3.000000,3.000000,3.000000,3.000000,0.001968,0.000000,0.013802,0.130222,calls/second,milliseconds
1778145914,2,3.000000,1.500000,0.000000,1.500000,3.000000,3.000000,3.000000,3.000000,3.000000,3.000000,0.001966,0.000000,0.013802,0.130222,calls/second,milliseconds
1778145915,2,3.000000,1.500000,0.000000,1.500000,3.000000,3.000000,3.000000,3.000000,3.000000,3.000000,0.001964,0.000000,0.013802,0.130222,calls/second,milliseconds
1778145916,2,3.000000,1.500000,0.000000,1.500000,3.000000,3.000000,3.000000,3.000000,3.000000,3.000000,0.001962,0.000000,0.013802,0.130222,calls/second,milliseconds
1778145917,2,3.000000,1.500000,0.000000,1.500000,3.000000,3.000000,3.000000,3.000000,3.000000,3.000000,0.001961,0.000000,0.013574,0.129501,calls/second,milliseconds
1778145918,2,3.000000,1.500000,0.000000,1.500000,3.000000,3.000000,3.000000,3.000000,3.000000,3.000000,0.001959,0.000000,0.013574,0.129501,calls/second,milliseconds
1778145919,2,3.000000,1.500000,0.000000,1.500000,3.000000,3.000000,3.000000,3.000000,3.000000,3.000000,0.001957,0.000000,0.013574,0.129501,calls/second,milliseconds
1778145920,2,3.000000,1.500000,0.000000,1.500000,3.000000,3.000000,3.000000,3.000000,3.000000,3.000000,0.001955,0.000000,0.013574,0.129501,calls/second,milliseconds
1778145921,2,3.000000,1.500000,0.000000,1.500000,3.000000,3.000000,3.000000,3.000000,3.000000,3.000000,0.001953,0.000000,0.013574,0.129501,calls/second,milliseconds
1778145922,2,3.000000,1.500000,0.000000,1.500000,3.000000,3.000000,3.000000,3.000000,3.000000,3.000000,0.001951,0.000000,0.013349,0.128783,calls/second,milliseconds
1778145923,2,3.000000,1.500000,0.000000,1.500000,3.000000,3.000000,3.000000,3.000000,3.000000,3.000000,0.001949,0.000000,0.013349,0.128783,calls/second,milliseconds
1778145924,2,3.000000,1.500000,0.000000,1.500000,3.000000,3.000000,3.000000,3.000000,3.000000,3.000000,0.001947,0.000000,0.013349,0.128783,calls/second,milliseconds
1778145925,2,3.000000,1.500000,0.000000,1.500000,3.000000,3.000000,3.000000,3.000000,3.000000,3.000000,0.001945,0.000000,0.013349,0.128783,calls/second,milliseconds
1778145926,2,3.000000,1.500000,0.000000,1.500000,3.000000,3.000000,3.000000,3.000000,3.000000,3.000000,0.001943,0.000000,0.013349,0.128783,calls/second,milliseconds
1778145927,2,3.000000,1.500000,0.000000,1.500000,3.000000,3.000000,3.000000,3.000000,3.000000,3.000000,0.001941,0.000000,0.013129,0.128070,calls/second,milliseconds
1778145928,2,3.000000,1.500000,0.000000,1.500000,3.000000,3.000000,3.000000,3.000000,3.000000,3.000000,0.001940,0.000000,0.013129,0.128070,calls/second,milliseconds
1778145929,2,3.000000,1.500000,0.000000,1.500000,3.000000,3.000000,3.000000,3.000000,3.000000,3.000000,0.001938,0.000000,0.013129,0.128070,calls/second,milliseconds
1778145930,2,3.000000,1.500000,0.000000,1.500000,3.000000,3.000000,3.000000,3.000000,3.000000,3.000000,0.001936,0.000000,0.013129,0.128070,calls/second,milliseconds
1778145931,2,3.000000,1.500000,0.000000,1.500000,3.000000,3.000000,3.000000,3.000000,3.000000,3.000000,0.001934,0.000000,0.013129,0.128070,calls/second,milliseconds
1778145932,2,3.000000,1.500000,0.000000,1.500000,3.000000,3.000000,3.000000,3.000000,3.000000,3.000000,0.001932,0.000000,0.012912,0.127360,calls/second,milliseconds
1778145933,2,3.000000,1.500000,0.000000,1.500000,3.000000,3.000000,3.000000,3.000000,3.000000,3.000000,0.001930,0.000000,0.012912,0.127360,calls/second,milliseconds
1778145934,2,3.000000,1.500000,0.000000,1.500000,3.000000,3.000000,3.000000,3.000000,3.000000,3.000000,0.001928,0.000000,0.012912,0.127360,calls/second,milliseconds
1778145935,2,3.000000,1.500000,0.000000,1.500000,3.000000,3.000000,3.000000,3.000000,3.000000,3.000000,0.001926,0.000000,0.012912,0.127360,calls/second,milliseconds
1778145936,2,3.000000,1.500000,0.000000,1.500000,3.000000,3.000000,3.000000,3.000000,3.000000,3.000000,0.001925,0.000000,0.012912,0.127360,calls/second,milliseconds
1778145937,2,3.000000,1.500000,0.000000,1.500000,3.000000,3.000000,3.000000,3.000000,3.000000,3.000000,0.001923,0.000000,0.012698,0.126655,calls/second,milliseconds
1778145938,2,3.000000,1.500000,0.000000,1.500000,3.000000,3.000000,3.000000,3.000000,3.000000,3.000000,0.001921,0.000000,0.012698,0.126655,calls/second,milliseconds
1778145939,2,3.000000,1.500000,0.000000,1.500000,3.000000,3.000000,3.000000,3.000000,3.000000,3.000000,0.001919,0.000000,0.012698,0.126655,calls/second,milliseconds
1778145940,2,3.000000,1.500000,0.000000,1.500000,3.000000,3.000000,3.000000,3.000000,3.000000,3.000000,0.001917,0.000000,0.012698,0.126655,calls/second,milliseconds
1778145941,2,3.000000,1.500000,0.000000,1.500000,3.000000,3.000000,3.000000,3.000000,3.000000,3.000000,0.001915,0.000000,0.012698,0.126655,calls/second,milliseconds
1778145942,2,3.000000,1.500000,0.000000,1.500000,3.000000,3.000000,3.000000,3.000000,3.000000,3.000000,0.001914,0.000000,0.012488,0.125953,calls/second,milliseconds
1778145943,2,3.000000,1.500000,0.000000,1.500000,3.000000,3.000000,3.000000,3.000000,3.000000,3.000000,0.001912,0.000000,0.012488,0.125953,calls/second,milliseconds
1778145944,2,3.000000,1.500000,0.000000,1.500000,3.000000,3.000000,3.000000,3.000000,3.000000,3.000000,0.001910,0.000000,0.012488,0.125953,calls/second,milliseconds
1778145945,2,3.000000,1.500000,0.000000,1.500000,3.000000,3.000000,3.000000,3.000000,3.000000,3.000000,0.001908,0.000000,0.012488,0.125953,calls/second,milliseconds
1778145946,2,3.000000,1.500000,0.000000,1.500000,3.000000,3.000000,3.000000,3.000000,3.000000,3.000000,0.001906,0.000000,0.012488,0.125953,calls/second,milliseconds
1778145947,2,3.000000,1.500000,0.000000,1.500000,3.000000,3.000000,3.000000,3.000000,3.000000,3.000000,0.001904,0.000000,0.012282,0.125255,calls/second,milliseconds
1778145948,2,3.000000,1.500000,0.000000,1.500000,3.000000,3.000000,3.000000,3.000000,3.000000,3.000000,0.001903,0.000000,0.012282,0.125255,calls/second,milliseconds
1778145949,2,3.000000,1.500000,0.000000,1.500000,3.000000,3.000000,3.000000,3.000000,3.000000,3.000000,0.001901,0.000000,0.012282,0.125255,calls/second,milliseconds
1778145950,2,3.000000,1.500000,0.000000,1.500000,3.000000,3.000000,3.000000,3.000000,3.000000,3.000000,0.001899,0.000000,0.012282,0.125255,calls/second,milliseconds
1778145951,2,3.000000,1.500000,0.000000,1.500000,3.000000,3.000000,3.000000,3.000000,3.000000,3.000000,0.001897,0.000000,0.012282,0.125255,calls/second,milliseconds
1778145952,2,3.000000,1.500000,0.000000,1.500000,3.000000,3.000000,3.000000,3.000000,3.000000,3.000000,0.001895,0.000000,0.012079,0.124561,calls/second,milliseconds
1778145953,2,3.000000,1.500000,0.000000,1.500000,3.000000,3.000000,3.000000,3.000000,3.000000,3.000000,0.001894,0.000000,0.012079,0.124561,calls/second,milliseconds
1778145954,2,3.000000,1.500000,0.000000,1.500000,3.000000,3.000000,3.000000,3.000000,3.000000,3.000000,0.001892,0.000000,0.012079,0.124561,calls/second,milliseconds
1778145955,2,3.000000,1.500000,0.000000,1.500000,3.000000,3.000000,3.000000,3.000000,3.000000,3.000000,0.001890,0.000000,0.012079,0.124561,calls/second,milliseconds
1778145956,2,3.000000,1.500000,0.000000,1.500000,3.000000,3.000000,3.000000,3.000000,3.000000,3.000000,0.001888,0.000000,0.012079,0.124561,calls/second,milliseconds
1778145957,2,3.000000,1.500000,0.000000,1.500000,3.000000,3.000000,3.000000,3.000000,3.000000,3.000000,0.001886,0.000000,0.011879,0.123871,calls/second,milliseconds
1778145958,2,3.000000,1.500000,0.000000,1.500000,3.000000,3.000000,3.000000,3.000000,3.000000,3.000000,0.001885,0.000000,0.011879,0.123871,calls/second,milliseconds
1778145959,2,3.000000,1.500000,0.000000,1.500000,3.000000,3.000000,3.000000,3.000000,3.000000,3.000000,0.001883,0.000000,0.011879,0.123871,calls/second,milliseconds
1778145960,2,3.000000,1.500000,0.000000,1.500000,3.000000,3.000000,3.000000,3.000000,3.000000,3.000000,0.001881,0.000000,0.011879,0.123871,calls/second,milliseconds
1778145961,2,3.000000,1.500000,0.000000,1.500000,3.000000,3.000000,3.000000,3.000000,3.000000,3.000000,0.001879,0.000000,0.011879,0.123871,calls/second,milliseconds
1778145962,2,3.000000,1.500000,0.000000,1.500000,3.000000,3.000000,3.000000,3.000000,3.000000,3.000000,0.001878,0.000000,0.011683,0.123185,calls/second,milliseconds
1778145963,2,3.000000,1.500000,0.000000,1.500000,3.000000,3.000000,3.000000,3.000000,3.000000,3.000000,0.001876,0.000000,0.011683,0.123185,calls/second,milliseconds
1778145964,2,3.000000,1.500000,0.000000,1.500000,3.000000,3.000000,3.000000,3.000000,3.000000,3.000000,0.001874,0.000000,0.011683,0.123185,calls/second,milliseconds
1778145965,2,3.000000,1.500000,0.000000,1.500000,3.000000,3.000000,3.000000,3.000000,3.000000,3.000000,0.001872,0.000000,0.011683,0.123185,calls/second,milliseconds
1778145966,2,3.000000,1.500000,0.000000,1.500000,3.000000,3.000000,3.000000,3.000000,3.000000,3.000000,0.001871,0.000000,0.011683,0.123185,calls/second,milliseconds
1778145967,2,3.000000,1.500000,0.000000,1.500000,3.000000,3.000000,3.000000,3.000000,3.000000,3.000000,0.001869,0.000000,0.011490,0.122502,calls/second,milliseconds
1778145968,2,3.000000,1.500000,0.000000,1.500000,3.000000,3.000000,3.000000,3.000000,3.000000,3.000000,0.001867,0.000000,0.011490,0.122502,calls/second,milliseconds
1778145969,2,3.000000,1.500000,0.000000,1.500000,3.000000,3.000000,3.000000,3.000000,3.000000,3.000000,0.001865,0.000000,0.011490,0.122502,calls/second,milliseconds
1778145970,2,3.000000,1.500000,0.000000,1.500000,3.000000,3.000000,3.000000,3.000000,3.000000,3.000000,0.001864,0.000000,0.011490,0.122502,calls/second,milliseconds
1778145971,2,3.000000,1.500000,0.000000,1.500000,3.000000,3.000000,3.000000,3.000000,3.000000,3.000000,0.001862,0.000000,0.011490,0.122502,calls/second,milliseconds
1778145972,2,3.000000,1.500000,0.000000,1.500000,3.000000,3.000000,3.000000,3.000000,3.000000,3.000000,0.001860,0.000000,0.011300,0.121824,calls/second,milliseconds
1778145973,2,3.000000,1.500000,0.000000,1.500000,3.000000,3.000000,3.000000,3.000000,3.000000,3.000000,0.001858,0.000000,0.011300,0.121824,calls/second,milliseconds
1778145974,2,3.000000,1.500000,0.000000,1.500000,3.000000,3.000000,3.000000,3.000000,3.000000,3.000000,0.001857,0.000000,0.011300,0.121824,calls/second,milliseconds
1778145975,2,3.000000,1.500000,0.000000,1.500000,3.000000,3.000000,3.000000,3.000000,3.000000,3.000000,0.001855,0.000000,0.011300,0.121824,calls/second,milliseconds
1778145976,2,3.000000,1.500000,0.000000,1.500000,3.000000,3.000000,3.000000,3.000000,3.000000,3.000000,0.001853,0.000000,0.011300,0.121824,calls/second,milliseconds
1778145977,2,3.000000,1.500000,0.000000,1.500000,3.000000,3.000000,3.000000,3.000000,3.000000,3.000000,0.001851,0.000000,0.011113,0.121149,calls/second,milliseconds
1778145978,2,3.000000,1.500000,0.000000,1.500000,3.000000,3.000000,3.000000,3.000000,3.000000,3.000000,0.001850,0.000000,0.011113,0.121149,calls/second,milliseconds
1778145979,2,3.000000,1.500000,0.000000,1.500000,3.000000,3.000000,3.000000,3.000000,3.000000,3.000000,0.001848,0.000000,0.011113,0.121149,calls/second,milliseconds
1778145980,2,3.000000,1.500000,0.000000,1.500000,3.000000,3.000000,3.000000,3.000000,3.000000,3.000000,0.001846,0.000000,0.011113,0.121149,calls/second,milliseconds
1778145981,2,3.000000,1.500000,0.000000,1.500000,3.000000,3.000000,3.000000,3.000000,3.000000,3.000000,0.001845,0.000000,0.011113,0.121149,calls/second,milliseconds
1778145982,2,3.000000,1.500000,0.000000,1.500000,3.000000,3.000000,3.000000,3.000000,3.000000,3.000000,0.001843,0.000000,0.010929,0.120478,calls/second,milliseconds
1778145983,2,3.000000,1.500000,0.000000,1.500000,3.000000,3.000000,3.000000,3.000000,3.000000,3.000000,0.001841,0.000000,0.010929,0.120478,calls/second,milliseconds
1778145984,2,3.000000,1.500000,0.000000,1.500000,3.000000,3.000000,3.000000,3.000000,3.000000,3.000000,0.001840,0.000000,0.010929,0.120478,calls/second,milliseconds
1778145985,2,3.000000,1.500000,0.000000,1.500000,3.000000,3.000000,3.000000,3.000000,3.000000,3.000000,0.001838,0.000000,0.010929,0.120478,calls/second,milliseconds
1778145986,2,3.000000,1.500000,0.000000,1.500000,3.000000,3.000000,3.000000,3.000000,3.000000,3.000000,0.001836,0.000000,0.010929,0.120478,calls/second,milliseconds
1778145987,2,3.000000,1.500000,0.000000,1.500000,3.000000,3.000000,3.000000,3.000000,3.000000,3.000000,0.001834,0.000000,0.010749,0.119810,calls/second,milliseconds
1778145988,2,3.000000,1.500000,0.000000,1.500000,3.000000,3.000000,3.000000,3.000000,3.000000,3.000000,0.001833,0.000000,0.010749,0.119810,calls/second,milliseconds
1778145989,2,3.000000,1.500000,0.000000,1.500000,3.000000,3.000000,3.000000,3.000000,3.000000,3.000000,0.001831,0.000000,0.010749,0.119810,calls/second,milliseconds
1778145990,2,3.000000,1.500000,0.000000,1.500000,3.000000,3.000000,3.000000,3.000000,3.000000,3.000000,0.001829,0.000000,0.010749,0.119810,calls/second,milliseconds
1778145991,2,3.000000,1.500000,0.000000,1.500000,3.000000,3.000000,3.000000,3.000000,3.000000,3.000000,0.001828,0.000000,0.010749,0.119810,calls/second,milliseconds
1778145992,2,3.000000,1.500000,0.000000,1.500000,3.000000,3.000000,3.000000,3.000000,3.000000,3.000000,0.001826,0.000000,0.010571,0.119146,calls/second,milliseconds
1778145993,2,3.000000,1.500000,0.000000,1.500000,3.000000,3.000000,3.000000,3.000000,3.000000,3.000000,0.001824,0.000000,0.010571,0.119146,calls/second,milliseconds
1778145994,2,3.000000,1.500000,0.000000,1.500000,3.000000,3.000000,3.000000,3.000000,3.000000,3.000000,0.001823,0.000000,0.010571,0.119146,calls/second,milliseconds
1778145995,2,3.000000,1.500000,0.000000,1.500000,3.000000,3.000000,3.000000,3.000000,3.000000,3.000000,0.001821,0.000000,0.010571,0.119146,calls/second,milliseconds
1778145996,2,3.000000,1.500000,0.000000,1.500000,3.000000,3.000000,3.000000,3.000000,3.000000,3.000000,0.001819,0.000000,0.010571,0.119146,calls/second,milliseconds
1778145997,2,3.000000,1.500000,0.000000,1.500000,3.000000,3.000000,3.000000,3.000000,3.000000,3.000000,0.001818,0.000000,0.010396,0.118486,calls/second,milliseconds
1778145998,2,3.000000,1.500000,0.000000,1.500000,3.000000,3.000000,3.000000,3.000000,3.000000,3.000000,0.001816,0.000000,0.010396,0.118486,calls/second,milliseconds
1778145999,2,3.000000,1.500000,0.000000,1.500000,3.000000,3.000000,3.000000,3.000000,3.000000,3.000000,0.001814,0.000000,0.010396,0.118486,calls/second,milliseconds
1778146000,2,3.000000,1.500000,0.000000,1.500000,3.000000,3.000000,3.000000,3.000000,3.000000,3.000000,0.001813,0.000000,0.010396,0.118486,calls/second,milliseconds
1778146001,2,3.000000,1.500000,0.000000,1.500000,3.000000,3.000000,3.000000,3.000000,3.000000,3.000000,0.001811,0.000000,0.010396,0.118486,calls/second,milliseconds
1778146002,2,3.000000,1.500000,0.000000,1.500000,3.000000,3.000000,3.000000,3.000000,3.000000,3.000000,0.001810,0.000000,0.010225,0.117830,calls/second,milliseconds
1778146003,2,3.000000,1.500000,0.000000,1.500000,3.000000,3.000000,3.000000,3.000000,3.000000,3.000000,0.001808,0.000000,0.010225,0.117830,calls/second,milliseconds
1778146004,2,3.000000,1.500000,0.000000,1.500000,3.000000,3.000000,3.000000,3.000000,3.000000,3.000000,0.001806,0.000000,0.010225,0.117830,calls/second,milliseconds
1778146005,2,3.000000,1.500000,0.000000,1.500000,3.000000,3.000000,3.000000,3.000000,3.000000,3.000000,0.001805,0.000000,0.010225,0.117830,calls/second,milliseconds
1778146006,2,3.000000,1.500000,0.000000,1.500000,3.000000,3.000000,3.000000,3.000000,3.000000,3.000000,0.001803,0.000000,0.010225,0.117830,calls/second,milliseconds
1778146007,2,3.000000,1.500000,0.000000,1.500000,3.000000,3.000000,3.000000,3.000000,3.000000,3.000000,0.001801,0.000000,0.010056,0.117177,calls/second,milliseconds
1778146008,2,3.000000,1.500000,0.000000,1.500000,3.000000,3.000000,3.000000,3.000000,3.000000,3.000000,0.001800,0.000000,0.010056,0.117177,calls/second,milliseconds
1778146009,2,3.000000,1.500000,0.000000,1.500000,3.000000,3.000000,3.000000,3.000000,3.000000,3.000000,0.001798,0.000000,0.010056,0.117177,calls/second,milliseconds
1778146010,2,3.000000,1.500000,0.000000,1.500000,3.000000,3.000000,3.000000,3.000000,3.000000,3.000000,0.001797,0.000000,0.010056,0.117177,calls/second,milliseconds
1778146011,2,3.000000,1.500000,0.000000,1.500000,3.000000,3.000000,3.000000,3.000000,3.000000,3.000000,0.001795,0.000000,0.010056,0.117177,calls/second,milliseconds
1778146012,2,3.000000,1.500000,0.000000,1.500000,3.000000,3.000000,3.000000,3.000000,3.000000,3.000000,0.001793,0.000000,0.009889,0.116528,calls/second,milliseconds
1778146013,2,3.000000,1.500000,0.000000,1.500000,3.000000,3.000000,3.000000,3.000000,3.000000,3.000000,0.001792,0.000000,0.009889,0.116528,calls/second,milliseconds
1778146014,2,3.000000,1.500000,0.000000,1.500000,3.000000,3.000000,3.000000,3.000000,3.000000,3.000000,0.001790,0.000000,0.009889,0.116528,calls/second,milliseconds
1778146015,2,3.000000,1.500000,0.000000,1.500000,3.000000,3.000000,3.000000,3.000000,3.000000,3.000000,0.001788,0.000000,0.009889,0.116528,calls/second,milliseconds
1778146016,2,3.000000,1.500000,0.000000,1.500000,3.000000,3.000000,3.000000,3.000000,3.000000,3.000000,0.001787,0.000000,0.009889,0.116528,calls/second,milliseconds
1778146017,2,3.000000,1.500000,0.000000,1.500000,3.000000,3.000000,3.000000,3.000000,3.000000,3.000000,0.001785,0.000000,0.009726,0.115882,calls/second,milliseconds
1778146018,2,3.000000,1.500000,0.000000,1.500000,3.000000,3.000000,3.000000,3.000000,3.000000,3.000000,0.001784,0.000000,0.009726,0.115882,calls/second,milliseconds
1778146019,2,3.000000,1.500000,0.000000,1.500000,3.000000,3.000000,3.000000,3.000000,3.000000,3.000000,0.001782,0.000000,0.009726,0.115882,calls/second,milliseconds
1778146020,2,3.000000,1.500000,0.000000,1.500000,3.000000,3.000000,3.000000,3.000000,3.000000,3.000000,0.001781,0.000000,0.009726,0.115882,calls/second,milliseconds
1778146021,2,3.000000,1.500000,0.000000,1.500000,3.000000,3.000000,3.000000,3.000000,3.000000,3.000000,0.001779,0.000000,0.009726,0.115882,calls/second,milliseconds
1778146022,2,3.000000,1.500000,0.000000,1.500000,3.000000,3.000000,3.000000,3.000000,3.000000,3.000000,0.001777,0.000000,0.009565,0.115240,calls/second,milliseconds
1778146023,2,3.000000,1.500000,0.000000,1.500000,3.000000,3.000000,3.000000,3.000000,3.000000,3.000000,0.001776,0.000000,0.009565,0.115240,calls/second,milliseconds
1778146024,2,3.000000,1.500000,0.000000,1.500000,3.000000,3.000000,3.000000,3.000000,3.000000,3.000000,0.001774,0.000000,0.009565,0.115240,calls/second,milliseconds
1778146025,2,3.000000,1.500000,0.000000,1.500000,3.000000,3.000000,3.000000,3.000000,3.000000,3.000000,0.001773,0.000000,0.009565,0.115240,calls/second,milliseconds
1778146026,2,3.000000,1.500000,0.000000,1.500000,3.000000,3.000000,3.000000,3.000000,3.000000,3.000000,0.001771,0.000000,0.009565,0.115240,calls/second,milliseconds
1778146027,2,3.000000,1.500000,0.000000,1.500000,3.000000,3.000000,3.000000,3.000000,3.000000,3.000000,0.001769,0.000000,0.009407,0.114602,calls/second,milliseconds
1778146028,2,3.000000,1.500000,0.000000,1.500000,3.000000,3.000000,3.000000,3.000000,3.000000,3.000000,0.001768,0.000000,0.009407,0.114602,calls/second,milliseconds
1778146029,2,3.000000,1.500000,0.000000,1.500000,3.000000,3.000000,3.000000,3.000000,3.000000,3.000000,0.001766,0.000000,0.009407,0.114602,calls/second,milliseconds
1778146030,2,3.000000,1.500000,0.000000,1.500000,3.000000,3.000000,3.000000,3.000000,3.000000,3.000000,0.001765,0.000000,0.009407,0.114602,calls/second,milliseconds
1778146031,2,3.000000,1.500000,0.000000,1.500000,3.000000,3.000000,3.000000,3.000000,3.000000,3.000000,0.001763,0.000000,0.009407,0.114602,calls/second,milliseconds
1778146032,2,3.000000,1.500000,0.000000,1.500000,3.000000,3.000000,3.000000,3.000000,3.000000,3.000000,0.001762,0.000000,0.009252,0.113967,calls/second,milliseconds
1778146033,2,3.000000,1.500000,0.000000,1.500000,3.000000,3.000000,3.000000,3.000000,3.000000,3.000000,0.001760,0.000000,0.009252,0.113967,calls/second,milliseconds
1778146034,2,3.000000,1.500000,0.000000,1.500000,3.000000,3.000000,3.000000,3.000000,3.000000,3.000000,0.001759,0.000000,0.009252,0.113967,calls/second,milliseconds
1778146035,2,3.000000,1.500000,0.000000,1.500000,3.000000,3.000000,3.000000,3.000000,3.000000,3.000000,0.001757,0.000000,0.009252,0.113967,calls/second,milliseconds
1778146036,2,3.000000,1.500000,0.000000,1.500000,3.000000,3.000000,3.000000,3.000000,3.000000,3.000000,0.001755,0.000000,0.009252,0.113967,calls/second,milliseconds
1778146037,2,3.000000,1.500000,0.000000,1.500000,3.000000,3.000000,3.000000,3.000000,3.000000,3.000000,0.001754,0.000000,0.009099,0.113336,calls/second,milliseconds
1778146038,2,3.000000,1.500000,0.000000,1.500000,3.000000,3.000000,3.000000,3.000000,3.000000,3.000000,0.001752,0.000000,0.009099,0.113336,calls/second,milliseconds
1778146039,2,3.000000,1.500000,0.000000,1.500000,3.000000,3.000000,3.000000,3.000000,3.000000,3.000000,0.001751,0.000000,0.009099,0.113336,calls/second,milliseconds
1778146040,2,3.000000,1.500000,0.000000,1.500000,3.000000,3.000000,3.000000,3.000000,3.000000,3.000000,0.001749,0.000000,0.009099,0.113336,calls/second,milliseconds
1778146041,2,3.000000,1.500000,0.000000,1.500000,3.000000,3.000000,3.000000,3.000000,3.000000,3.000000,0.001748,0.000000,0.009099,0.113336,calls/second,milliseconds
1778146042,2,3.000000,1.500000,0.000000,1.500000,3.000000,3.000000,3.000000,3.000000,3.000000,3.000000,0.001746,0.000000,0.008948,0.112708,calls/second,milliseconds
1778146043,2,3.000000,1.500000,0.000000,1.500000,3.000000,3.000000,3.000000,3.000000,3.000000,3.000000,0.001745,0.000000,0.008948,0.112708,calls/second,milliseconds
1778146044,2,3.000000,1.500000,0.000000,1.500000,3.000000,3.000000,3.000000,3.000000,3.000000,3.000000,0.001743,0.000000,0.008948,0.112708,calls/second,milliseconds
1778146045,2,3.000000,1.500000,0.000000,1.500000,3.000000,3.000000,3.000000,3.000000,3.000000,3.000000,0.001742,0.000000,0.008948,0.112708,calls/second,milliseconds
1778146046,2,3.000000,1.500000,0.000000,1.500000,3.000000,3.000000,3.000000,3.000000,3.000000,3.000000,0.001740,0.000000,0.008948,0.112708,calls/second,milliseconds
1778146047,2,3.000000,1.500000,0.000000,1.500000,3.000000,3.000000,3.000000,3.000000,3.000000,3.000000,0.001739,0.000000,0.008800,0.112083,calls/second,milliseconds
1778146048,2,3.000000,1.500000,0.000000,1.500000,3.000000,3.000000,3.000000,3.000000,3.000000,3.000000,0.001737,0.000000,0.008800,0.112083,calls/second,milliseconds
1778146049,2,3.000000,1.500000,0.000000,1.500000,3.000000,3.000000,3.000000,3.000000,3.000000,3.000000,0.001736,0.000000,0.008800,0.112083,calls/second,milliseconds
1778146050,2,3.000000,1.500000,0.000000,1.500000,3.000000,3.000000,3.000000,3.000000,3.000000,3.000000,0.001734,0.000000,0.008800,0.112083,calls/second,milliseconds
1778146051,2,3.000000,1.500000,0.000000,1.500000,3.000000,3.000000,3.000000,3.000000,3.000000,3.000000,0.001733,0.000000,0.008800,0.112083,calls/second,milliseconds
1778146052,2,3.000000,1.500000,0.000000,1.500000,3.000000,3.000000,3.000000,3.000000,3.000000,3.000000,0.001731,0.000000,0.008655,0.111462,calls/second,milliseconds
1778146053,2,3.000000,1.500000,0.000000,1.500000,3.000000,3.000000,3.000000,3.000000,3.000000,3.000000,0.001730,0.000000,0.008655,0.111462,calls/second,milliseconds
1778146054,2,3.000000,1.500000,0.000000,1.500000,3.000000,3.000000,3.000000,3.000000,3.000000,3.000000,0.001728,0.000000,0.008655,0.111462,calls/second,milliseconds
1778146055,2,3.000000,1.500000,0.000000,1.500000,3.000000,3.000000,3.000000,3.000000,3.000000,3.000000,0.001727,0.000000,0.008655,0.111462,calls/second,milliseconds
1778146056,2,3.000000,1.500000,0.000000,1.500000,3.000000,3.000000,3.000000,3.000000,3.000000,3.000000,0.001725,0.000000,0.008655,0.111462,calls/second,milliseconds
1778146057,2,3.000000,1.500000,0.000000,1.500000,3.000000,3.000000,3.000000,3.000000,3.000000,3.000000,0.001724,0.000000,0.008512,0.110845,calls/second,milliseconds
1778146058,2,3.000000,1.500000,0.000000,1.500000,3.000000,3.000000,3.000000,3.000000,3.000000,3.000000,0.001722,0.000000,0.008512,0.110845,calls/second,milliseconds
1778146059,2,3.000000,1.500000,0.000000,1.500000,3.000000,3.000000,3.000000,3.000000,3.000000,3.000000,0.001721,0.000000,0.008512,0.110845,calls/second,milliseconds
1778146060,2,3.000000,1.500000,0.000000,1.500000,3.000000,3.000000,3.000000,3.000000,3.000000,3.000000,0.001719,0.000000,0.008512,0.110845,calls/second,milliseconds
1778146061,2,3.000000,1.500000,0.000000,1.500000,3.000000,3.000000,3.000000,3.000000,3.000000,3.000000,0.001718,0.000000,0.008512,0.110845,calls/second,milliseconds
1778146062,2,3.000000,1.500000,0.000000,1.500000,3.000000,3.000000,3.000000,3.000000,3.000000,3.000000,0.001716,0.000000,0.008371,0.110231,calls/second,milliseconds
1778146063,2,3.000000,1.500000,0.000000,1.500000,3.000000,3.000000,3.000000,3.000000,3.000000,3.000000,0.001715,0.000000,0.008371,0.110231,calls/second,milliseconds
1778146064,2,3.000000,1.500000,0.000000,1.500000,3.000000,3.000000,3.000000,3.000000,3.000000,3.000000,0.001713,0.000000,0.008371,0.110231,calls/second,milliseconds
1778146065,2,3.000000,1.500000,0.000000,1.500000,3.000000,3.000000,3.000000,3.000000,3.000000,3.000000,0.001712,0.000000,0.008371,0.110231,calls/second,milliseconds
1778146066,2,3.000000,1.500000,0.000000,1.500000,3.000000,3.000000,3.000000,3.000000,3.000000,3.000000,0.001710,0.000000,0.008371,0.110231,calls/second,milliseconds
1778146067,2,3.000000,1.500000,0.000000,1.500000,3.000000,3.000000,3.000000,3.000000,3.000000,3.000000,0.001709,0.000000,0.008233,0.109620,calls/second,milliseconds
1778146068,2,3.000000,1.500000,0.000000,1.500000,3.000000,3.000000,3.000000,3.000000,3.000000,3.000000,0.001707,0.000000,0.008233,0.109620,calls/second,milliseconds
1778146069,2,3.000000,1.500000,0.000000,1.500000,3.000000,3.000000,3.000000,3.000000,3.000000,3.000000,0.001706,0.000000,0.008233,0.109620,calls/second,milliseconds
1778146070,2,3.000000,1.500000,0.000000,1.500000,3.000000,3.000000,3.000000,3.000000,3.000000,3.000000,0.001705,0.000000,0.008233,0.109620,calls/second,milliseconds
1778146071,2,3.000000,1.500000,0.000000,1.500000,3.000000,3.000000,3.000000,3.000000,3.000000,3.000000,0.001703,0.000000,0.008233,0.109620,calls/second,milliseconds
1778146072,2,3.000000,1.500000,0.000000,1.500000,3.000000,3.000000,3.000000,3.000000,3.000000,3.000000,0.001702,0.000000,0.008097,0.109013,calls/second,milliseconds
1778146073,2,3.000000,1.500000,0.000000,1.500000,3.000000,3.000000,3.000000,3.000000,3.000000,3.000000,0.001700,0.000000,0.008097,0.109013,calls/second,milliseconds
1778146074,2,3.000000,1.500000,0.000000,1.500000,3.000000,3.000000,3.000000,3.000000,3.000000,3.000000,0.001699,0.000000,0.008097,0.109013,calls/second,milliseconds
1778146075,2,3.000000,1.500000,0.000000,1.500000,3.000000,3.000000,3.000000,3.000000,3.000000,3.000000,0.001697,0.000000,0.008097,0.109013,calls/second,milliseconds
1778146076,2,3.000000,1.500000,0.000000,1.500000,3.000000,3.000000,3.000000,3.000000,3.000000,3.000000,0.001696,0.000000,0.008097,0.109013,calls/second,milliseconds
1778146077,2,3.000000,1.500000,0.000000,1.500000,3.000000,3.000000,3.000000,3.000000,3.000000,3.000000,0.001694,0.000000,0.007963,0.108409,calls/second,milliseconds
1778146078,2,3.000000,1.500000,0.000000,1.500000,3.000000,3.000000,3.000000,3.000000,3.000000,3.000000,0.001693,0.000000,0.007963,0.108409,calls/second,milliseconds
1778146079,2,3.000000,1.500000,0.000000,1.500000,3.000000,3.000000,3.000000,3.000000,3.000000,3.000000,0.001692,0.000000,0.007963,0.108409,calls/second,milliseconds
1778146080,2,3.000000,1.500000,0.000000,1.500000,3.000000,3.000000,3.000000,3.000000,3.000000,3.000000,0.001690,0.000000,0.007963,0.108409,calls/second,milliseconds
1778146081,2,3.000000,1.500000,0.000000,1.500000,3.000000,3.000000,3.000000,3.000000,3.000000,3.000000,0.001689,0.000000,0.007963,0.108409,calls/second,milliseconds
1778146082,2,3.000000,1.500000,0.000000,1.500000,3.000000,3.000000,3.000000,3.000000,3.000000,3.000000,0.001687,0.000000,0.007831,0.107808,calls/second,milliseconds
1778146083,2,3.000000,1.500000,0.000000,1.500000,3.000000,3.000000,3.000000,3.000000,3.000000,3.000000,0.001686,0.000000,0.007831,0.107808,calls/second,milliseconds
1778146084,2,3.000000,1.500000,0.000000,1.500000,3.000000,3.000000,3.000000,3.000000,3.000000,3.000000,0.001684,0.000000,0.007831,0.107808,calls/second,milliseconds
1778146085,2,3.000000,1.500000,0.000000,1.500000,3.000000,3.000000,3.000000,3.000000,3.000000,3.000000,0.001683,0.000000,0.007831,0.107808,calls/second,milliseconds
1778146086,2,3.000000,1.500000,0.000000,1.500000,3.000000,3.000000,3.000000,3.000000,3.000000,3.000000,0.001682,0.000000,0.007831,0.107808,calls/second,milliseconds
1778146087,2,3.000000,1.500000,0.000000,1.500000,3.000000,3.000000,3.000000,3.000000,3.000000,3.000000,0.001680,0.000000,0.007702,0.107211,calls/second,milliseconds
1778146088,2,3.000000,1.500000,0.000000,1.500000,3.000000,3.000000,3.000000,3.000000,3.000000,3.000000,0.001679,0.000000,0.007702,0.107211,calls/second,milliseconds
1778146089,2,3.000000,1.500000,0.000000,1.500000,3.000000,3.000000,3.000000,3.000000,3.000000,3.000000,0.001677,0.000000,0.007702,0.107211,calls/second,milliseconds
1778146090,2,3.000000,1.500000,0.000000,1.500000,3.000000,3.000000,3.000000,3.000000,3.000000,3.000000,0.001676,0.000000,0.007702,0.107211,calls/second,milliseconds
1778146091,2,3.000000,1.500000,0.000000,1.500000,3.000000,3.000000,3.000000,3.000000,3.000000,3.000000,0.001675,0.000000,0.007702,0.107211,calls/second,milliseconds
1778146092,2,3.000000,1.500000,0.000000,1.500000,3.000000,3.000000,3.000000,3.000000,3.000000,3.000000,0.001673,0.000000,0.007575,0.106617,calls/second,milliseconds
1778146093,2,3.000000,1.500000,0.000000,1.500000,3.000000,3.000000,3.000000,3.000000,3.000000,3.000000,0.001672,0.000000,0.007575,0.106617,calls/second,milliseconds
1778146094,2,3.000000,1.500000,0.000000,1.500000,3.000000,3.000000,3.000000,3.000000,3.000000,3.000000,0.001670,0.000000,0.007575,0.106617,calls/second,milliseconds
1778146095,2,3.000000,1.500000,0.000000,1.500000,3.000000,3.000000,3.000000,3.000000,3.000000,3.000000,0.001669,0.000000,0.007575,0.106617,calls/second,milliseconds
1778146096,2,3.000000,1.500000,0.000000,1.500000,3.000000,3.000000,3.000000,3.000000,3.000000,3.000000,0.001668,0.000000,0.007575,0.106617,calls/second,milliseconds
1778146097,2,3.000000,1.500000,0.000000,1.500000,3.000000,3.000000,3.000000,3.000000,3.000000,3.000000,0.001666,0.000000,0.007449,0.106026,calls/second,milliseconds
