t,count,max,mean,min,stddev,p50,p75,p95,p98,p99,p999,mean_rate,m1_rate,m5_rate,m15_rate,rate_unit,duration_unit
1779968915,0,0.000000,0.000000,0.000000,0.000000,0.000000,0.000000,0.000000,0.000000,0.000000,0.000000,0.000000,0.000000,0.000000,0.000000,calls/second,milliseconds
1779968916,0,0.000000,0.000000,0.000000,0.000000,0.000000,0.000000,0.000000,0.000000,0.000000,0.000000,0.000000,0.000000,0.000000,0.000000,calls/second,milliseconds
1779968917,0,0.000000,0.000000,0.000000,0.000000,0.000000,0.000000,0.000000,0.000000,0.000000,0.000000,0.000000,0.000000,0.000000,0.000000,calls/second,milliseconds
1779968918,0,0.000000,0.000000,0.000000,0.000000,0.000000,0.000000,0.000000,0.000000,0.000000,0.000000,0.000000,0.000000,0.000000,0.000000,calls/second,milliseconds
1779968919,0,0.000000,0.000000,0.000000,0.000000,0.000000,0.000000,0.000000,0.000000,0.000000,0.000000,0.000000,0.000000,0.000000,0.000000,calls/second,milliseconds
1779968920,0,0.000000,0.000000,0.000000,0.000000,0.000000,0.000000,0.000000,0.000000,0.000000,0.000000,0.000000,0.000000,0.000000,0.000000,calls/second,milliseconds
1779968921,0,0.000000,0.000000,0.000000,0.000000,0.000000,0.000000,0.000000,0.000000,0.000000,0.000000,0.000000,0.000000,0.000000,0.000000,calls/second,milliseconds
1779968922,0,0.000000,0.000000,0.000000,0.000000,0.000000,0.000000,0.000000,0.000000,0.000000,0.000000,0.000000,0.000000,0.000000,0.000000,calls/second,milliseconds
1779968923,0,0.000000,0.000000,0.000000,0.000000,0.000000,0.000000,0.000000,0.000000,0.000000,0.000000,0.000000,0.000000,0.000000,0.000000,calls/second,milliseconds
1779968924,0,0.000000,0.000000,0.000000,0.000000,0.000000,0.000000,0.000000,0.000000,0.000000,0.000000,0.000000,0.000000,0.000000,0.000000,calls/second,milliseconds
1779968925,0,0.000000,0.000000,0.000000,0.000000,0.000000,0.000000,0.000000,0.000000,0.000000,0.000000,0.000000,0.000000,0.000000,0.000000,calls/second,milliseconds
1779968926,0,0.000000,0.000000,0.000000,0.000000,0.000000,0.000000,0.000000,0.000000,0.000000,0.000000,0.000000,0.000000,0.000000,0.000000,calls/second,milliseconds
1779968927,0,0.000000,0.000000,0.000000,0.000000,0.000000,0.000000,0.000000,0.000000,0.000000,0.000000,0.000000,0.000000,0.000000,0.000000,calls/second,milliseconds
1779968928,0,0.000000,0.000000,0.000000,0.000000,0.000000,0.000000,0.000000,0.000000,0.000000,0.000000,0.000000,0.000000,0.000000,0.000000,calls/second,milliseconds
1779968929,1,1.297386,1.297386,1.297386,0.000000,1.297386,1.297386,1.297386,1.297386,1.297386,1.297386,0.067013,0.000000,0.000000,0.000000,calls/second,milliseconds
1779968930,1,1.297386,1.297386,1.297386,0.000000,1.297386,1.297386,1.297386,1.297386,1.297386,1.297386,0.062795,0.015991,0.003306,0.001108,calls/second,milliseconds
1779968931,1,1.297386,1.297386,1.297386,0.000000,1.297386,1.297386,1.297386,1.297386,1.297386,1.297386,0.059077,0.015991,0.003306,0.001108,calls/second,milliseconds
1779968932,1,1.297386,1.297386,1.297386,0.000000,1.297386,1.297386,1.297386,1.297386,1.297386,1.297386,0.055773,0.015991,0.003306,0.001108,calls/second,milliseconds
1779968933,1,1.297386,1.297386,1.297386,0.000000,1.297386,1.297386,1.297386,1.297386,1.297386,1.297386,0.052819,0.015991,0.003306,0.001108,calls/second,milliseconds
1779968934,1,1.297386,1.297386,1.297386,0.000000,1.297386,1.297386,1.297386,1.297386,1.297386,1.297386,0.050162,0.015991,0.003306,0.001108,calls/second,milliseconds
1779968935,1,1.297386,1.297386,1.297386,0.000000,1.297386,1.297386,1.297386,1.297386,1.297386,1.297386,0.047761,0.014713,0.003251,0.001102,calls/second,milliseconds
1779968936,1,1.297386,1.297386,1.297386,0.000000,1.297386,1.297386,1.297386,1.297386,1.297386,1.297386,0.045579,0.014713,0.003251,0.001102,calls/second,milliseconds
1779968937,1,1.297386,1.297386,1.297386,0.000000,1.297386,1.297386,1.297386,1.297386,1.297386,1.297386,0.043588,0.014713,0.003251,0.001102,calls/second,milliseconds
1779968938,1,1.297386,1.297386,1.297386,0.000000,1.297386,1.297386,1.297386,1.297386,1.297386,1.297386,0.041763,0.014713,0.003251,0.001102,calls/second,milliseconds
1779968939,1,1.297386,1.297386,1.297386,0.000000,1.297386,1.297386,1.297386,1.297386,1.297386,1.297386,0.040085,0.014713,0.003251,0.001102,calls/second,milliseconds
1779968940,1,1.297386,1.297386,1.297386,0.000000,1.297386,1.297386,1.297386,1.297386,1.297386,1.297386,0.038537,0.013536,0.003197,0.001096,calls/second,milliseconds
1779968941,1,1.297386,1.297386,1.297386,0.000000,1.297386,1.297386,1.297386,1.297386,1.297386,1.297386,0.037104,0.013536,0.003197,0.001096,calls/second,milliseconds
1779968942,1,1.297386,1.297386,1.297386,0.000000,1.297386,1.297386,1.297386,1.297386,1.297386,1.297386,0.035773,0.013536,0.003197,0.001096,calls/second,milliseconds
1779968943,1,1.297386,1.297386,1.297386,0.000000,1.297386,1.297386,1.297386,1.297386,1.297386,1.297386,0.034535,0.013536,0.003197,0.001096,calls/second,milliseconds
1779968944,1,1.297386,1.297386,1.297386,0.000000,1.297386,1.297386,1.297386,1.297386,1.297386,1.297386,0.033379,0.013536,0.003197,0.001096,calls/second,milliseconds
1779968945,1,1.297386,1.297386,1.297386,0.000000,1.297386,1.297386,1.297386,1.297386,1.297386,1.297386,0.032299,0.012454,0.003144,0.001090,calls/second,milliseconds
1779968946,1,1.297386,1.297386,1.297386,0.000000,1.297386,1.297386,1.297386,1.297386,1.297386,1.297386,0.031286,0.012454,0.003144,0.001090,calls/second,milliseconds
1779968947,1,1.297386,1.297386,1.297386,0.000000,1.297386,1.297386,1.297386,1.297386,1.297386,1.297386,0.030335,0.012454,0.003144,0.001090,calls/second,milliseconds
1779968948,1,1.297386,1.297386,1.297386,0.000000,1.297386,1.297386,1.297386,1.297386,1.297386,1.297386,0.029439,0.012454,0.003144,0.001090,calls/second,milliseconds
1779968949,1,1.297386,1.297386,1.297386,0.000000,1.297386,1.297386,1.297386,1.297386,1.297386,1.297386,0.028596,0.012454,0.003144,0.001090,calls/second,milliseconds
1779968950,1,1.297386,1.297386,1.297386,0.000000,1.297386,1.297386,1.297386,1.297386,1.297386,1.297386,0.027798,0.011458,0.003093,0.001084,calls/second,milliseconds
1779968951,1,1.297386,1.297386,1.297386,0.000000,1.297386,1.297386,1.297386,1.297386,1.297386,1.297386,0.027045,0.011458,0.003093,0.001084,calls/second,milliseconds
1779968952,1,1.297386,1.297386,1.297386,0.000000,1.297386,1.297386,1.297386,1.297386,1.297386,1.297386,0.026331,0.011458,0.003093,0.001084,calls/second,milliseconds
1779968953,1,1.297386,1.297386,1.297386,0.000000,1.297386,1.297386,1.297386,1.297386,1.297386,1.297386,0.025654,0.011458,0.003093,0.001084,calls/second,milliseconds
1779968954,1,1.297386,1.297386,1.297386,0.000000,1.297386,1.297386,1.297386,1.297386,1.297386,1.297386,0.025010,0.011458,0.003093,0.001084,calls/second,milliseconds
1779968955,1,1.297386,1.297386,1.297386,0.000000,1.297386,1.297386,1.297386,1.297386,1.297386,1.297386,0.024399,0.010542,0.003041,0.001078,calls/second,milliseconds
1779968956,1,1.297386,1.297386,1.297386,0.000000,1.297386,1.297386,1.297386,1.297386,1.297386,1.297386,0.023816,0.010542,0.003041,0.001078,calls/second,milliseconds
1779968957,1,1.297386,1.297386,1.297386,0.000000,1.297386,1.297386,1.297386,1.297386,1.297386,1.297386,0.023261,0.010542,0.003041,0.001078,calls/second,milliseconds
1779968958,1,1.297386,1.297386,1.297386,0.000000,1.297386,1.297386,1.297386,1.297386,1.297386,1.297386,0.022731,0.010542,0.003041,0.001078,calls/second,milliseconds
1779968959,1,1.297386,1.297386,1.297386,0.000000,1.297386,1.297386,1.297386,1.297386,1.297386,1.297386,0.022225,0.010542,0.003041,0.001078,calls/second,milliseconds
1779968960,1,1.297386,1.297386,1.297386,0.000000,1.297386,1.297386,1.297386,1.297386,1.297386,1.297386,0.021741,0.009699,0.002991,0.001072,calls/second,milliseconds
1779968961,1,1.297386,1.297386,1.297386,0.000000,1.297386,1.297386,1.297386,1.297386,1.297386,1.297386,0.021278,0.009699,0.002991,0.001072,calls/second,milliseconds
1779968962,1,1.297386,1.297386,1.297386,0.000000,1.297386,1.297386,1.297386,1.297386,1.297386,1.297386,0.020833,0.009699,0.002991,0.001072,calls/second,milliseconds
1779968963,1,1.297386,1.297386,1.297386,0.000000,1.297386,1.297386,1.297386,1.297386,1.297386,1.297386,0.020407,0.009699,0.002991,0.001072,calls/second,milliseconds
1779968964,1,1.297386,1.297386,1.297386,0.000000,1.297386,1.297386,1.297386,1.297386,1.297386,1.297386,0.019998,0.008924,0.002942,0.001066,calls/second,milliseconds
1779968965,1,1.297386,1.297386,1.297386,0.000000,1.297386,1.297386,1.297386,1.297386,1.297386,1.297386,0.019606,0.008924,0.002942,0.001066,calls/second,milliseconds
1779968966,1,1.297386,1.297386,1.297386,0.000000,1.297386,1.297386,1.297386,1.297386,1.297386,1.297386,0.019228,0.008924,0.002942,0.001066,calls/second,milliseconds
1779968967,1,1.297386,1.297386,1.297386,0.000000,1.297386,1.297386,1.297386,1.297386,1.297386,1.297386,0.018864,0.008924,0.002942,0.001066,calls/second,milliseconds
1779968968,1,1.297386,1.297386,1.297386,0.000000,1.297386,1.297386,1.297386,1.297386,1.297386,1.297386,0.018514,0.008924,0.002942,0.001066,calls/second,milliseconds
1779968969,1,1.297386,1.297386,1.297386,0.000000,1.297386,1.297386,1.297386,1.297386,1.297386,1.297386,0.018177,0.008210,0.002893,0.001060,calls/second,milliseconds
1779968970,1,1.297386,1.297386,1.297386,0.000000,1.297386,1.297386,1.297386,1.297386,1.297386,1.297386,0.017852,0.008210,0.002893,0.001060,calls/second,milliseconds
1779968971,1,1.297386,1.297386,1.297386,0.000000,1.297386,1.297386,1.297386,1.297386,1.297386,1.297386,0.017538,0.008210,0.002893,0.001060,calls/second,milliseconds
1779968972,1,1.297386,1.297386,1.297386,0.000000,1.297386,1.297386,1.297386,1.297386,1.297386,1.297386,0.017235,0.008210,0.002893,0.001060,calls/second,milliseconds
1779968973,1,1.297386,1.297386,1.297386,0.000000,1.297386,1.297386,1.297386,1.297386,1.297386,1.297386,0.016943,0.008210,0.002893,0.001060,calls/second,milliseconds
1779968974,1,1.297386,1.297386,1.297386,0.000000,1.297386,1.297386,1.297386,1.297386,1.297386,1.297386,0.016660,0.007554,0.002845,0.001054,calls/second,milliseconds
1779968975,1,1.297386,1.297386,1.297386,0.000000,1.297386,1.297386,1.297386,1.297386,1.297386,1.297386,0.016386,0.007554,0.002845,0.001054,calls/second,milliseconds
1779968976,1,1.297386,1.297386,1.297386,0.000000,1.297386,1.297386,1.297386,1.297386,1.297386,1.297386,0.016122,0.007554,0.002845,0.001054,calls/second,milliseconds
1779968977,1,1.297386,1.297386,1.297386,0.000000,1.297386,1.297386,1.297386,1.297386,1.297386,1.297386,0.015865,0.007554,0.002845,0.001054,calls/second,milliseconds
1779968978,1,1.297386,1.297386,1.297386,0.000000,1.297386,1.297386,1.297386,1.297386,1.297386,1.297386,0.015617,0.007554,0.002845,0.001054,calls/second,milliseconds
1779968979,1,1.297386,1.297386,1.297386,0.000000,1.297386,1.297386,1.297386,1.297386,1.297386,1.297386,0.015377,0.006950,0.002798,0.001048,calls/second,milliseconds
1779968980,1,1.297386,1.297386,1.297386,0.000000,1.297386,1.297386,1.297386,1.297386,1.297386,1.297386,0.015143,0.006950,0.002798,0.001048,calls/second,milliseconds
1779968981,1,1.297386,1.297386,1.297386,0.000000,1.297386,1.297386,1.297386,1.297386,1.297386,1.297386,0.014917,0.006950,0.002798,0.001048,calls/second,milliseconds
1779968982,1,1.297386,1.297386,1.297386,0.000000,1.297386,1.297386,1.297386,1.297386,1.297386,1.297386,0.014697,0.006950,0.002798,0.001048,calls/second,milliseconds
1779968983,1,1.297386,1.297386,1.297386,0.000000,1.297386,1.297386,1.297386,1.297386,1.297386,1.297386,0.014482,0.006950,0.002798,0.001048,calls/second,milliseconds
1779968984,1,1.297386,1.297386,1.297386,0.000000,1.297386,1.297386,1.297386,1.297386,1.297386,1.297386,0.014275,0.006394,0.002752,0.001042,calls/second,milliseconds
1779968985,1,1.297386,1.297386,1.297386,0.000000,1.297386,1.297386,1.297386,1.297386,1.297386,1.297386,0.014074,0.006394,0.002752,0.001042,calls/second,milliseconds
1779968986,1,1.297386,1.297386,1.297386,0.000000,1.297386,1.297386,1.297386,1.297386,1.297386,1.297386,0.013878,0.006394,0.002752,0.001042,calls/second,milliseconds
1779968987,1,1.297386,1.297386,1.297386,0.000000,1.297386,1.297386,1.297386,1.297386,1.297386,1.297386,0.013688,0.006394,0.002752,0.001042,calls/second,milliseconds
1779968988,1,1.297386,1.297386,1.297386,0.000000,1.297386,1.297386,1.297386,1.297386,1.297386,1.297386,0.013502,0.006394,0.002752,0.001042,calls/second,milliseconds
1779968989,1,1.297386,1.297386,1.297386,0.000000,1.297386,1.297386,1.297386,1.297386,1.297386,1.297386,0.013322,0.005883,0.002706,0.001037,calls/second,milliseconds
1779968990,1,1.297386,1.297386,1.297386,0.000000,1.297386,1.297386,1.297386,1.297386,1.297386,1.297386,0.013147,0.005883,0.002706,0.001037,calls/second,milliseconds
1779968991,1,1.297386,1.297386,1.297386,0.000000,1.297386,1.297386,1.297386,1.297386,1.297386,1.297386,0.012976,0.005883,0.002706,0.001037,calls/second,milliseconds
1779968992,1,1.297386,1.297386,1.297386,0.000000,1.297386,1.297386,1.297386,1.297386,1.297386,1.297386,0.012809,0.005883,0.002706,0.001037,calls/second,milliseconds
1779968993,2,1.297386,0.402535,0.054725,0.557887,0.054725,1.297386,1.297386,1.297386,1.297386,1.297386,0.025294,0.005883,0.002706,0.001037,calls/second,milliseconds
1779968994,2,1.297386,0.402535,0.054725,0.557887,0.054725,1.297386,1.297386,1.297386,1.297386,1.297386,0.024978,0.021404,0.005967,0.002139,calls/second,milliseconds
1779968995,2,1.297386,0.402535,0.054725,0.557887,0.054725,1.297386,1.297386,1.297386,1.297386,1.297386,0.024669,0.021404,0.005967,0.002139,calls/second,milliseconds
1779968996,2,1.297386,0.402535,0.054725,0.557887,0.054725,1.297386,1.297386,1.297386,1.297386,1.297386,0.024368,0.021404,0.005967,0.002139,calls/second,milliseconds
1779968997,2,1.297386,0.402535,0.054725,0.557887,0.054725,1.297386,1.297386,1.297386,1.297386,1.297386,0.024074,0.021404,0.005967,0.002139,calls/second,milliseconds
1779968998,2,1.297386,0.402535,0.054725,0.557887,0.054725,1.297386,1.297386,1.297386,1.297386,1.297386,0.023787,0.021404,0.005967,0.002139,calls/second,milliseconds
1779968999,2,1.297386,0.402535,0.054725,0.557887,0.054725,1.297386,1.297386,1.297386,1.297386,1.297386,0.023507,0.019692,0.005869,0.002127,calls/second,milliseconds
1779969000,2,1.297386,0.402535,0.054725,0.557887,0.054725,1.297386,1.297386,1.297386,1.297386,1.297386,0.023233,0.019692,0.005869,0.002127,calls/second,milliseconds
1779969001,2,1.297386,0.402535,0.054725,0.557887,0.054725,1.297386,1.297386,1.297386,1.297386,1.297386,0.022966,0.019692,0.005869,0.002127,calls/second,milliseconds
1779969002,2,1.297386,0.402535,0.054725,0.557887,0.054725,1.297386,1.297386,1.297386,1.297386,1.297386,0.022705,0.019692,0.005869,0.002127,calls/second,milliseconds
1779969003,2,1.297386,0.402535,0.054725,0.557887,0.054725,1.297386,1.297386,1.297386,1.297386,1.297386,0.022449,0.019692,0.005869,0.002127,calls/second,milliseconds
1779969004,2,1.297386,0.402535,0.054725,0.557887,0.054725,1.297386,1.297386,1.297386,1.297386,1.297386,0.022200,0.018118,0.005772,0.002115,calls/second,milliseconds
1779969005,2,1.297386,0.402535,0.054725,0.557887,0.054725,1.297386,1.297386,1.297386,1.297386,1.297386,0.021956,0.018118,0.005772,0.002115,calls/second,milliseconds
1779969006,2,1.297386,0.402535,0.054725,0.557887,0.054725,1.297386,1.297386,1.297386,1.297386,1.297386,0.021717,0.018118,0.005772,0.002115,calls/second,milliseconds
1779969007,2,1.297386,0.402535,0.054725,0.557887,0.054725,1.297386,1.297386,1.297386,1.297386,1.297386,0.021483,0.018118,0.005772,0.002115,calls/second,milliseconds
1779969008,2,1.297386,0.402535,0.054725,0.557887,0.054725,1.297386,1.297386,1.297386,1.297386,1.297386,0.021254,0.018118,0.005772,0.002115,calls/second,milliseconds
1779969009,2,1.297386,0.402535,0.054725,0.557887,0.054725,1.297386,1.297386,1.297386,1.297386,1.297386,0.021031,0.016669,0.005676,0.002104,calls/second,milliseconds
1779969010,2,1.297386,0.402535,0.054725,0.557887,0.054725,1.297386,1.297386,1.297386,1.297386,1.297386,0.020811,0.016669,0.005676,0.002104,calls/second,milliseconds
1779969011,2,1.297386,0.402535,0.054725,0.557887,0.054725,1.297386,1.297386,1.297386,1.297386,1.297386,0.020597,0.016669,0.005676,0.002104,calls/second,milliseconds
1779969012,2,1.297386,0.402535,0.054725,0.557887,0.054725,1.297386,1.297386,1.297386,1.297386,1.297386,0.020386,0.016669,0.005676,0.002104,calls/second,milliseconds
1779969013,2,1.297386,0.402535,0.054725,0.557887,0.054725,1.297386,1.297386,1.297386,1.297386,1.297386,0.020180,0.016669,0.005676,0.002104,calls/second,milliseconds
1779969014,2,1.297386,0.402535,0.054725,0.557887,0.054725,1.297386,1.297386,1.297386,1.297386,1.297386,0.019978,0.015336,0.005583,0.002092,calls/second,milliseconds
1779969015,2,1.297386,0.402535,0.054725,0.557887,0.054725,1.297386,1.297386,1.297386,1.297386,1.297386,0.019780,0.015336,0.005583,0.002092,calls/second,milliseconds
1779969016,2,1.297386,0.402535,0.054725,0.557887,0.054725,1.297386,1.297386,1.297386,1.297386,1.297386,0.019586,0.015336,0.005583,0.002092,calls/second,milliseconds
1779969017,2,1.297386,0.402535,0.054725,0.557887,0.054725,1.297386,1.297386,1.297386,1.297386,1.297386,0.019396,0.015336,0.005583,0.002092,calls/second,milliseconds
1779969018,2,1.297386,0.402535,0.054725,0.557887,0.054725,1.297386,1.297386,1.297386,1.297386,1.297386,0.019209,0.015336,0.005583,0.002092,calls/second,milliseconds
1779969019,2,1.297386,0.402535,0.054725,0.557887,0.054725,1.297386,1.297386,1.297386,1.297386,1.297386,0.019026,0.014110,0.005490,0.002080,calls/second,milliseconds
1779969020,2,1.297386,0.402535,0.054725,0.557887,0.054725,1.297386,1.297386,1.297386,1.297386,1.297386,0.018847,0.014110,0.005490,0.002080,calls/second,milliseconds
1779969021,2,1.297386,0.402535,0.054725,0.557887,0.054725,1.297386,1.297386,1.297386,1.297386,1.297386,0.018670,0.014110,0.005490,0.002080,calls/second,milliseconds
1779969022,2,1.297386,0.402535,0.054725,0.557887,0.054725,1.297386,1.297386,1.297386,1.297386,1.297386,0.018497,0.014110,0.005490,0.002080,calls/second,milliseconds
1779969023,3,1.297386,0.219832,0.054725,0.419193,0.058056,0.058056,1.297386,1.297386,1.297386,1.297386,0.027491,0.014110,0.005490,0.002080,calls/second,milliseconds
1779969024,3,1.297386,0.219832,0.054725,0.419193,0.058056,0.058056,1.297386,1.297386,1.297386,1.297386,0.027241,0.028973,0.008705,0.003177,calls/second,milliseconds
1779969025,3,1.297386,0.219832,0.054725,0.419193,0.058056,0.058056,1.297386,1.297386,1.297386,1.297386,0.026996,0.028973,0.008705,0.003177,calls/second,milliseconds
1779969026,3,1.297386,0.219832,0.054725,0.419193,0.058056,0.058056,1.297386,1.297386,1.297386,1.297386,0.026755,0.028973,0.008705,0.003177,calls/second,milliseconds
1779969027,3,1.297386,0.219832,0.054725,0.419193,0.058056,0.058056,1.297386,1.297386,1.297386,1.297386,0.026518,0.028973,0.008705,0.003177,calls/second,milliseconds
1779969028,3,1.297386,0.219832,0.054725,0.419193,0.058056,0.058056,1.297386,1.297386,1.297386,1.297386,0.026285,0.028973,0.008705,0.003177,calls/second,milliseconds
1779969029,3,1.297386,0.219832,0.054725,0.419193,0.058056,0.058056,1.297386,1.297386,1.297386,1.297386,0.026057,0.026656,0.008561,0.003159,calls/second,milliseconds
1779969030,3,1.297386,0.219832,0.054725,0.419193,0.058056,0.058056,1.297386,1.297386,1.297386,1.297386,0.025832,0.026656,0.008561,0.003159,calls/second,milliseconds
1779969031,3,1.297386,0.219832,0.054725,0.419193,0.058056,0.058056,1.297386,1.297386,1.297386,1.297386,0.025611,0.026656,0.008561,0.003159,calls/second,milliseconds
1779969032,3,1.297386,0.219832,0.054725,0.419193,0.058056,0.058056,1.297386,1.297386,1.297386,1.297386,0.025394,0.026656,0.008561,0.003159,calls/second,milliseconds
1779969033,3,1.297386,0.219832,0.054725,0.419193,0.058056,0.058056,1.297386,1.297386,1.297386,1.297386,0.025181,0.026656,0.008561,0.003159,calls/second,milliseconds
1779969034,3,1.297386,0.219832,0.054725,0.419193,0.058056,0.058056,1.297386,1.297386,1.297386,1.297386,0.024971,0.024525,0.008420,0.003142,calls/second,milliseconds
1779969035,3,1.297386,0.219832,0.054725,0.419193,0.058056,0.058056,1.297386,1.297386,1.297386,1.297386,0.024764,0.024525,0.008420,0.003142,calls/second,milliseconds
1779969036,3,1.297386,0.219832,0.054725,0.419193,0.058056,0.058056,1.297386,1.297386,1.297386,1.297386,0.024561,0.024525,0.008420,0.003142,calls/second,milliseconds
1779969037,3,1.297386,0.219832,0.054725,0.419193,0.058056,0.058056,1.297386,1.297386,1.297386,1.297386,0.024361,0.024525,0.008420,0.003142,calls/second,milliseconds
1779969038,3,1.297386,0.219832,0.054725,0.419193,0.058056,0.058056,1.297386,1.297386,1.297386,1.297386,0.024165,0.024525,0.008420,0.003142,calls/second,milliseconds
1779969039,3,1.297386,0.219832,0.054725,0.419193,0.058056,0.058056,1.297386,1.297386,1.297386,1.297386,0.023971,0.022564,0.008281,0.003124,calls/second,milliseconds
1779969040,3,1.297386,0.219832,0.054725,0.419193,0.058056,0.058056,1.297386,1.297386,1.297386,1.297386,0.023781,0.022564,0.008281,0.003124,calls/second,milliseconds
1779969041,3,1.297386,0.219832,0.054725,0.419193,0.058056,0.058056,1.297386,1.297386,1.297386,1.297386,0.023594,0.022564,0.008281,0.003124,calls/second,milliseconds
1779969042,3,1.297386,0.219832,0.054725,0.419193,0.058056,0.058056,1.297386,1.297386,1.297386,1.297386,0.023409,0.022564,0.008281,0.003124,calls/second,milliseconds
1779969043,3,1.297386,0.219832,0.054725,0.419193,0.058056,0.058056,1.297386,1.297386,1.297386,1.297386,0.023228,0.022564,0.008281,0.003124,calls/second,milliseconds
1779969044,3,1.297386,0.219832,0.054725,0.419193,0.058056,0.058056,1.297386,1.297386,1.297386,1.297386,0.023049,0.020760,0.008144,0.003107,calls/second,milliseconds
1779969045,3,1.297386,0.219832,0.054725,0.419193,0.058056,0.058056,1.297386,1.297386,1.297386,1.297386,0.022873,0.020760,0.008144,0.003107,calls/second,milliseconds
1779969046,3,1.297386,0.219832,0.054725,0.419193,0.058056,0.058056,1.297386,1.297386,1.297386,1.297386,0.022700,0.020760,0.008144,0.003107,calls/second,milliseconds
1779969047,3,1.297386,0.219832,0.054725,0.419193,0.058056,0.058056,1.297386,1.297386,1.297386,1.297386,0.022529,0.020760,0.008144,0.003107,calls/second,milliseconds
1779969048,3,1.297386,0.219832,0.054725,0.419193,0.058056,0.058056,1.297386,1.297386,1.297386,1.297386,0.022361,0.020760,0.008144,0.003107,calls/second,milliseconds
1779969049,3,1.297386,0.219832,0.054725,0.419193,0.058056,0.058056,1.297386,1.297386,1.297386,1.297386,0.022195,0.019100,0.008009,0.003090,calls/second,milliseconds
1779969050,3,1.297386,0.219832,0.054725,0.419193,0.058056,0.058056,1.297386,1.297386,1.297386,1.297386,0.022032,0.019100,0.008009,0.003090,calls/second,milliseconds
1779969051,3,1.297386,0.219832,0.054725,0.419193,0.058056,0.058056,1.297386,1.297386,1.297386,1.297386,0.021871,0.019100,0.008009,0.003090,calls/second,milliseconds
1779969052,3,1.297386,0.219832,0.054725,0.419193,0.058056,0.058056,1.297386,1.297386,1.297386,1.297386,0.021712,0.019100,0.008009,0.003090,calls/second,milliseconds
1779969053,3,1.297386,0.219832,0.054725,0.419193,0.058056,0.058056,1.297386,1.297386,1.297386,1.297386,0.021556,0.019100,0.008009,0.003090,calls/second,milliseconds
1779969054,3,1.297386,0.219832,0.054725,0.419193,0.058056,0.058056,1.297386,1.297386,1.297386,1.297386,0.021402,0.017573,0.007877,0.003073,calls/second,milliseconds
1779969055,3,1.297386,0.219832,0.054725,0.419193,0.058056,0.058056,1.297386,1.297386,1.297386,1.297386,0.021250,0.017573,0.007877,0.003073,calls/second,milliseconds
1779969056,3,1.297386,0.219832,0.054725,0.419193,0.058056,0.058056,1.297386,1.297386,1.297386,1.297386,0.021100,0.017573,0.007877,0.003073,calls/second,milliseconds
1779969057,3,1.297386,0.219832,0.054725,0.419193,0.058056,0.058056,1.297386,1.297386,1.297386,1.297386,0.020953,0.017573,0.007877,0.003073,calls/second,milliseconds
1779969058,3,1.297386,0.219832,0.054725,0.419193,0.058056,0.058056,1.297386,1.297386,1.297386,1.297386,0.020807,0.017573,0.007877,0.003073,calls/second,milliseconds
1779969059,3,1.297386,0.219832,0.054725,0.419193,0.058056,0.058056,1.297386,1.297386,1.297386,1.297386,0.020664,0.016168,0.007747,0.003056,calls/second,milliseconds
1779969060,3,1.297386,0.219832,0.054725,0.419193,0.058056,0.058056,1.297386,1.297386,1.297386,1.297386,0.020522,0.016168,0.007747,0.003056,calls/second,milliseconds
1779969061,3,1.297386,0.219832,0.054725,0.419193,0.058056,0.058056,1.297386,1.297386,1.297386,1.297386,0.020382,0.016168,0.007747,0.003056,calls/second,milliseconds
1779969062,3,1.297386,0.219832,0.054725,0.419193,0.058056,0.058056,1.297386,1.297386,1.297386,1.297386,0.020245,0.016168,0.007747,0.003056,calls/second,milliseconds
1779969063,3,1.297386,0.219832,0.054725,0.419193,0.058056,0.058056,1.297386,1.297386,1.297386,1.297386,0.020109,0.016168,0.007747,0.003056,calls/second,milliseconds
1779969064,3,1.297386,0.219832,0.054725,0.419193,0.058056,0.058056,1.297386,1.297386,1.297386,1.297386,0.019975,0.014875,0.007619,0.003039,calls/second,milliseconds
1779969065,3,1.297386,0.219832,0.054725,0.419193,0.058056,0.058056,1.297386,1.297386,1.297386,1.297386,0.019842,0.014875,0.007619,0.003039,calls/second,milliseconds
1779969066,3,1.297386,0.219832,0.054725,0.419193,0.058056,0.058056,1.297386,1.297386,1.297386,1.297386,0.019712,0.014875,0.007619,0.003039,calls/second,milliseconds
1779969067,3,1.297386,0.219832,0.054725,0.419193,0.058056,0.058056,1.297386,1.297386,1.297386,1.297386,0.019583,0.014875,0.007619,0.003039,calls/second,milliseconds
1779969068,3,1.297386,0.219832,0.054725,0.419193,0.058056,0.058056,1.297386,1.297386,1.297386,1.297386,0.019456,0.014875,0.007619,0.003039,calls/second,milliseconds
1779969069,3,1.297386,0.219832,0.054725,0.419193,0.058056,0.058056,1.297386,1.297386,1.297386,1.297386,0.019330,0.013686,0.007493,0.003022,calls/second,milliseconds
1779969070,3,1.297386,0.219832,0.054725,0.419193,0.058056,0.058056,1.297386,1.297386,1.297386,1.297386,0.019206,0.013686,0.007493,0.003022,calls/second,milliseconds
1779969071,3,1.297386,0.219832,0.054725,0.419193,0.058056,0.058056,1.297386,1.297386,1.297386,1.297386,0.019084,0.013686,0.007493,0.003022,calls/second,milliseconds
1779969072,3,1.297386,0.219832,0.054725,0.419193,0.058056,0.058056,1.297386,1.297386,1.297386,1.297386,0.018963,0.013686,0.007493,0.003022,calls/second,milliseconds
1779969073,3,1.297386,0.219832,0.054725,0.419193,0.058056,0.058056,1.297386,1.297386,1.297386,1.297386,0.018844,0.013686,0.007493,0.003022,calls/second,milliseconds
1779969074,3,1.297386,0.219832,0.054725,0.419193,0.058056,0.058056,1.297386,1.297386,1.297386,1.297386,0.018726,0.012592,0.007369,0.003005,calls/second,milliseconds
1779969075,3,1.297386,0.219832,0.054725,0.419193,0.058056,0.058056,1.297386,1.297386,1.297386,1.297386,0.018610,0.012592,0.007369,0.003005,calls/second,milliseconds
1779969076,3,1.297386,0.219832,0.054725,0.419193,0.058056,0.058056,1.297386,1.297386,1.297386,1.297386,0.018495,0.012592,0.007369,0.003005,calls/second,milliseconds
1779969077,3,1.297386,0.219832,0.054725,0.419193,0.058056,0.058056,1.297386,1.297386,1.297386,1.297386,0.018381,0.012592,0.007369,0.003005,calls/second,milliseconds
1779969078,3,1.297386,0.219832,0.054725,0.419193,0.058056,0.058056,1.297386,1.297386,1.297386,1.297386,0.018269,0.012592,0.007369,0.003005,calls/second,milliseconds
1779969079,3,1.297386,0.219832,0.054725,0.419193,0.058056,0.058056,1.297386,1.297386,1.297386,1.297386,0.018158,0.011585,0.007247,0.002988,calls/second,milliseconds
1779969080,3,1.297386,0.219832,0.054725,0.419193,0.058056,0.058056,1.297386,1.297386,1.297386,1.297386,0.018049,0.011585,0.007247,0.002988,calls/second,milliseconds
1779969081,3,1.297386,0.219832,0.054725,0.419193,0.058056,0.058056,1.297386,1.297386,1.297386,1.297386,0.017941,0.011585,0.007247,0.002988,calls/second,milliseconds
1779969082,3,1.297386,0.219832,0.054725,0.419193,0.058056,0.058056,1.297386,1.297386,1.297386,1.297386,0.017834,0.011585,0.007247,0.002988,calls/second,milliseconds
1779969083,3,1.297386,0.219832,0.054725,0.419193,0.058056,0.058056,1.297386,1.297386,1.297386,1.297386,0.017729,0.011585,0.007247,0.002988,calls/second,milliseconds
1779969084,3,1.297386,0.219832,0.054725,0.419193,0.058056,0.058056,1.297386,1.297386,1.297386,1.297386,0.017624,0.010659,0.007127,0.002972,calls/second,milliseconds
1779969085,3,1.297386,0.219832,0.054725,0.419193,0.058056,0.058056,1.297386,1.297386,1.297386,1.297386,0.017521,0.010659,0.007127,0.002972,calls/second,milliseconds
1779969086,3,1.297386,0.219832,0.054725,0.419193,0.058056,0.058056,1.297386,1.297386,1.297386,1.297386,0.017419,0.010659,0.007127,0.002972,calls/second,milliseconds
1779969087,3,1.297386,0.219832,0.054725,0.419193,0.058056,0.058056,1.297386,1.297386,1.297386,1.297386,0.017319,0.010659,0.007127,0.002972,calls/second,milliseconds
1779969088,3,1.297386,0.219832,0.054725,0.419193,0.058056,0.058056,1.297386,1.297386,1.297386,1.297386,0.017219,0.010659,0.007127,0.002972,calls/second,milliseconds
1779969089,3,1.297386,0.219832,0.054725,0.419193,0.058056,0.058056,1.297386,1.297386,1.297386,1.297386,0.017121,0.009806,0.007009,0.002955,calls/second,milliseconds
1779969090,3,1.297386,0.219832,0.054725,0.419193,0.058056,0.058056,1.297386,1.297386,1.297386,1.297386,0.017023,0.009806,0.007009,0.002955,calls/second,milliseconds
1779969091,3,1.297386,0.219832,0.054725,0.419193,0.058056,0.058056,1.297386,1.297386,1.297386,1.297386,0.016927,0.009806,0.007009,0.002955,calls/second,milliseconds
1779969092,3,1.297386,0.219832,0.054725,0.419193,0.058056,0.058056,1.297386,1.297386,1.297386,1.297386,0.016832,0.009806,0.007009,0.002955,calls/second,milliseconds
1779969093,3,1.297386,0.219832,0.054725,0.419193,0.058056,0.058056,1.297386,1.297386,1.297386,1.297386,0.016738,0.009806,0.007009,0.002955,calls/second,milliseconds
1779969094,3,1.297386,0.219832,0.054725,0.419193,0.058056,0.058056,1.297386,1.297386,1.297386,1.297386,0.016644,0.009022,0.006894,0.002939,calls/second,milliseconds
1779969095,3,1.297386,0.219832,0.054725,0.419193,0.058056,0.058056,1.297386,1.297386,1.297386,1.297386,0.016552,0.009022,0.006894,0.002939,calls/second,milliseconds
1779969096,3,1.297386,0.219832,0.054725,0.419193,0.058056,0.058056,1.297386,1.297386,1.297386,1.297386,0.016461,0.009022,0.006894,0.002939,calls/second,milliseconds
1779969097,3,1.297386,0.219832,0.054725,0.419193,0.058056,0.058056,1.297386,1.297386,1.297386,1.297386,0.016371,0.009022,0.006894,0.002939,calls/second,milliseconds
1779969098,3,1.297386,0.219832,0.054725,0.419193,0.058056,0.058056,1.297386,1.297386,1.297386,1.297386,0.016282,0.009022,0.006894,0.002939,calls/second,milliseconds
1779969099,3,1.297386,0.219832,0.054725,0.419193,0.058056,0.058056,1.297386,1.297386,1.297386,1.297386,0.016194,0.008301,0.006780,0.002923,calls/second,milliseconds
1779969100,3,1.297386,0.219832,0.054725,0.419193,0.058056,0.058056,1.297386,1.297386,1.297386,1.297386,0.016107,0.008301,0.006780,0.002923,calls/second,milliseconds
1779969101,3,1.297386,0.219832,0.054725,0.419193,0.058056,0.058056,1.297386,1.297386,1.297386,1.297386,0.016021,0.008301,0.006780,0.002923,calls/second,milliseconds
1779969102,3,1.297386,0.219832,0.054725,0.419193,0.058056,0.058056,1.297386,1.297386,1.297386,1.297386,0.015936,0.008301,0.006780,0.002923,calls/second,milliseconds
1779969103,3,1.297386,0.219832,0.054725,0.419193,0.058056,0.058056,1.297386,1.297386,1.297386,1.297386,0.015851,0.008301,0.006780,0.002923,calls/second,milliseconds
1779969104,3,1.297386,0.219832,0.054725,0.419193,0.058056,0.058056,1.297386,1.297386,1.297386,1.297386,0.015768,0.007637,0.006668,0.002907,calls/second,milliseconds
1779969105,3,1.297386,0.219832,0.054725,0.419193,0.058056,0.058056,1.297386,1.297386,1.297386,1.297386,0.015685,0.007637,0.006668,0.002907,calls/second,milliseconds
1779969106,3,1.297386,0.219832,0.054725,0.419193,0.058056,0.058056,1.297386,1.297386,1.297386,1.297386,0.015604,0.007637,0.006668,0.002907,calls/second,milliseconds
1779969107,3,1.297386,0.219832,0.054725,0.419193,0.058056,0.058056,1.297386,1.297386,1.297386,1.297386,0.015523,0.007637,0.006668,0.002907,calls/second,milliseconds
1779969108,3,1.297386,0.219832,0.054725,0.419193,0.058056,0.058056,1.297386,1.297386,1.297386,1.297386,0.015443,0.007637,0.006668,0.002907,calls/second,milliseconds
1779969109,3,1.297386,0.219832,0.054725,0.419193,0.058056,0.058056,1.297386,1.297386,1.297386,1.297386,0.015364,0.007027,0.006557,0.002890,calls/second,milliseconds
1779969110,3,1.297386,0.219832,0.054725,0.419193,0.058056,0.058056,1.297386,1.297386,1.297386,1.297386,0.015285,0.007027,0.006557,0.002890,calls/second,milliseconds
1779969111,3,1.297386,0.219832,0.054725,0.419193,0.058056,0.058056,1.297386,1.297386,1.297386,1.297386,0.015208,0.007027,0.006557,0.002890,calls/second,milliseconds
1779969112,3,1.297386,0.219832,0.054725,0.419193,0.058056,0.058056,1.297386,1.297386,1.297386,1.297386,0.015131,0.007027,0.006557,0.002890,calls/second,milliseconds
1779969113,4,1.297386,0.106444,0.051021,0.252935,0.051021,0.054725,0.058056,1.297386,1.297386,1.297386,0.020073,0.007027,0.006557,0.002890,calls/second,milliseconds
1779969114,4,1.297386,0.106444,0.051021,0.252935,0.051021,0.054725,0.058056,1.297386,1.297386,1.297386,0.019973,0.022456,0.009755,0.003982,calls/second,milliseconds
1779969115,4,1.297386,0.106444,0.051021,0.252935,0.051021,0.054725,0.058056,1.297386,1.297386,1.297386,0.019873,0.022456,0.009755,0.003982,calls/second,milliseconds
1779969116,4,1.297386,0.106444,0.051021,0.252935,0.051021,0.054725,0.058056,1.297386,1.297386,1.297386,0.019775,0.022456,0.009755,0.003982,calls/second,milliseconds
1779969117,4,1.297386,0.106444,0.051021,0.252935,0.051021,0.054725,0.058056,1.297386,1.297386,1.297386,0.019677,0.022456,0.009755,0.003982,calls/second,milliseconds
1779969118,4,1.297386,0.106444,0.051021,0.252935,0.051021,0.054725,0.058056,1.297386,1.297386,1.297386,0.019581,0.022456,0.009755,0.003982,calls/second,milliseconds
1779969119,4,1.297386,0.106444,0.051021,0.252935,0.051021,0.054725,0.058056,1.297386,1.297386,1.297386,0.019485,0.020660,0.009594,0.003960,calls/second,milliseconds
1779969120,4,1.297386,0.106444,0.051021,0.252935,0.051021,0.054725,0.058056,1.297386,1.297386,1.297386,0.019391,0.020660,0.009594,0.003960,calls/second,milliseconds
1779969121,4,1.297386,0.106444,0.051021,0.252935,0.051021,0.054725,0.058056,1.297386,1.297386,1.297386,0.019297,0.020660,0.009594,0.003960,calls/second,milliseconds
1779969122,4,1.297386,0.106444,0.051021,0.252935,0.051021,0.054725,0.058056,1.297386,1.297386,1.297386,0.019204,0.020660,0.009594,0.003960,calls/second,milliseconds
1779969123,4,1.297386,0.106444,0.051021,0.252935,0.051021,0.054725,0.058056,1.297386,1.297386,1.297386,0.019112,0.020660,0.009594,0.003960,calls/second,milliseconds
1779969124,4,1.297386,0.106444,0.051021,0.252935,0.051021,0.054725,0.058056,1.297386,1.297386,1.297386,0.019021,0.019008,0.009435,0.003938,calls/second,milliseconds
1779969125,4,1.297386,0.106444,0.051021,0.252935,0.051021,0.054725,0.058056,1.297386,1.297386,1.297386,0.018931,0.019008,0.009435,0.003938,calls/second,milliseconds
1779969126,4,1.297386,0.106444,0.051021,0.252935,0.051021,0.054725,0.058056,1.297386,1.297386,1.297386,0.018842,0.019008,0.009435,0.003938,calls/second,milliseconds
1779969127,4,1.297386,0.106444,0.051021,0.252935,0.051021,0.054725,0.058056,1.297386,1.297386,1.297386,0.018753,0.019008,0.009435,0.003938,calls/second,milliseconds
1779969128,4,1.297386,0.106444,0.051021,0.252935,0.051021,0.054725,0.058056,1.297386,1.297386,1.297386,0.018666,0.019008,0.009435,0.003938,calls/second,milliseconds
1779969129,4,1.297386,0.106444,0.051021,0.252935,0.051021,0.054725,0.058056,1.297386,1.297386,1.297386,0.018579,0.017489,0.009279,0.003917,calls/second,milliseconds
1779969130,4,1.297386,0.106444,0.051021,0.252935,0.051021,0.054725,0.058056,1.297386,1.297386,1.297386,0.018493,0.017489,0.009279,0.003917,calls/second,milliseconds
1779969131,4,1.297386,0.106444,0.051021,0.252935,0.051021,0.054725,0.058056,1.297386,1.297386,1.297386,0.018408,0.017489,0.009279,0.003917,calls/second,milliseconds
1779969132,4,1.297386,0.106444,0.051021,0.252935,0.051021,0.054725,0.058056,1.297386,1.297386,1.297386,0.018323,0.017489,0.009279,0.003917,calls/second,milliseconds
1779969133,4,1.297386,0.106444,0.051021,0.252935,0.051021,0.054725,0.058056,1.297386,1.297386,1.297386,0.018239,0.017489,0.009279,0.003917,calls/second,milliseconds
1779969134,4,1.297386,0.106444,0.051021,0.252935,0.051021,0.054725,0.058056,1.297386,1.297386,1.297386,0.018157,0.016090,0.009126,0.003895,calls/second,milliseconds
1779969135,4,1.297386,0.106444,0.051021,0.252935,0.051021,0.054725,0.058056,1.297386,1.297386,1.297386,0.018074,0.016090,0.009126,0.003895,calls/second,milliseconds
1779969136,4,1.297386,0.106444,0.051021,0.252935,0.051021,0.054725,0.058056,1.297386,1.297386,1.297386,0.017993,0.016090,0.009126,0.003895,calls/second,milliseconds
1779969137,4,1.297386,0.106444,0.051021,0.252935,0.051021,0.054725,0.058056,1.297386,1.297386,1.297386,0.017912,0.016090,0.009126,0.003895,calls/second,milliseconds
1779969138,4,1.297386,0.106444,0.051021,0.252935,0.051021,0.054725,0.058056,1.297386,1.297386,1.297386,0.017832,0.016090,0.009126,0.003895,calls/second,milliseconds
1779969139,4,1.297386,0.106444,0.051021,0.252935,0.051021,0.054725,0.058056,1.297386,1.297386,1.297386,0.017753,0.014804,0.008975,0.003873,calls/second,milliseconds
1779969140,5,1.966438,1.046688,0.051021,0.946797,1.966438,1.966438,1.966438,1.966438,1.966438,1.966438,0.022093,0.014804,0.008975,0.003873,calls/second,milliseconds
1779969141,5,1.966438,1.046688,0.051021,0.946797,1.966438,1.966438,1.966438,1.966438,1.966438,1.966438,0.021996,0.014804,0.008975,0.003873,calls/second,milliseconds
1779969142,5,1.966438,1.046688,0.051021,0.946797,1.966438,1.966438,1.966438,1.966438,1.966438,1.966438,0.021899,0.014804,0.008975,0.003873,calls/second,milliseconds
1779969143,5,1.966438,1.046688,0.051021,0.946797,1.966438,1.966438,1.966438,1.966438,1.966438,1.966438,0.021803,0.014804,0.008975,0.003873,calls/second,milliseconds
1779969144,5,1.966438,1.046688,0.051021,0.946797,1.966438,1.966438,1.966438,1.966438,1.966438,1.966438,0.021709,0.029611,0.012132,0.004960,calls/second,milliseconds
1779969145,5,1.966438,1.046688,0.051021,0.946797,1.966438,1.966438,1.966438,1.966438,1.966438,1.966438,0.021615,0.029611,0.012132,0.004960,calls/second,milliseconds
1779969146,5,1.966438,1.046688,0.051021,0.946797,1.966438,1.966438,1.966438,1.966438,1.966438,1.966438,0.021521,0.029611,0.012132,0.004960,calls/second,milliseconds
1779969147,5,1.966438,1.046688,0.051021,0.946797,1.966438,1.966438,1.966438,1.966438,1.966438,1.966438,0.021429,0.029611,0.012132,0.004960,calls/second,milliseconds
1779969148,5,1.966438,1.046688,0.051021,0.946797,1.966438,1.966438,1.966438,1.966438,1.966438,1.966438,0.021337,0.029611,0.012132,0.004960,calls/second,milliseconds
1779969149,5,1.966438,1.046688,0.051021,0.946797,1.966438,1.966438,1.966438,1.966438,1.966438,1.966438,0.021247,0.027244,0.011932,0.004932,calls/second,milliseconds
1779969150,5,1.966438,1.046688,0.051021,0.946797,1.966438,1.966438,1.966438,1.966438,1.966438,1.966438,0.021157,0.027244,0.011932,0.004932,calls/second,milliseconds
1779969151,5,1.966438,1.046688,0.051021,0.946797,1.966438,1.966438,1.966438,1.966438,1.966438,1.966438,0.021067,0.027244,0.011932,0.004932,calls/second,milliseconds
1779969152,5,1.966438,1.046688,0.051021,0.946797,1.966438,1.966438,1.966438,1.966438,1.966438,1.966438,0.020979,0.027244,0.011932,0.004932,calls/second,milliseconds
1779969153,5,1.966438,1.046688,0.051021,0.946797,1.966438,1.966438,1.966438,1.966438,1.966438,1.966438,0.020891,0.027244,0.011932,0.004932,calls/second,milliseconds
1779969154,5,1.966438,1.046688,0.051021,0.946797,1.966438,1.966438,1.966438,1.966438,1.966438,1.966438,0.020804,0.025065,0.011734,0.004905,calls/second,milliseconds
1779969155,5,1.966438,1.046688,0.051021,0.946797,1.966438,1.966438,1.966438,1.966438,1.966438,1.966438,0.020718,0.025065,0.011734,0.004905,calls/second,milliseconds
1779969156,5,1.966438,1.046688,0.051021,0.946797,1.966438,1.966438,1.966438,1.966438,1.966438,1.966438,0.020632,0.025065,0.011734,0.004905,calls/second,milliseconds
1779969157,5,1.966438,1.046688,0.051021,0.946797,1.966438,1.966438,1.966438,1.966438,1.966438,1.966438,0.020547,0.025065,0.011734,0.004905,calls/second,milliseconds
1779969158,5,1.966438,1.046688,0.051021,0.946797,1.966438,1.966438,1.966438,1.966438,1.966438,1.966438,0.020463,0.025065,0.011734,0.004905,calls/second,milliseconds
1779969159,5,1.966438,1.046688,0.051021,0.946797,1.966438,1.966438,1.966438,1.966438,1.966438,1.966438,0.020379,0.023061,0.011540,0.004878,calls/second,milliseconds
1779969160,5,1.966438,1.046688,0.051021,0.946797,1.966438,1.966438,1.966438,1.966438,1.966438,1.966438,0.020296,0.023061,0.011540,0.004878,calls/second,milliseconds
1779969161,5,1.966438,1.046688,0.051021,0.946797,1.966438,1.966438,1.966438,1.966438,1.966438,1.966438,0.020214,0.023061,0.011540,0.004878,calls/second,milliseconds
1779969162,5,1.966438,1.046688,0.051021,0.946797,1.966438,1.966438,1.966438,1.966438,1.966438,1.966438,0.020133,0.023061,0.011540,0.004878,calls/second,milliseconds
1779969163,5,1.966438,1.046688,0.051021,0.946797,1.966438,1.966438,1.966438,1.966438,1.966438,1.966438,0.020052,0.023061,0.011540,0.004878,calls/second,milliseconds
1779969164,5,1.966438,1.046688,0.051021,0.946797,1.966438,1.966438,1.966438,1.966438,1.966438,1.966438,0.019972,0.021217,0.011350,0.004851,calls/second,milliseconds
1779969165,5,1.966438,1.046688,0.051021,0.946797,1.966438,1.966438,1.966438,1.966438,1.966438,1.966438,0.019892,0.021217,0.011350,0.004851,calls/second,milliseconds
1779969166,5,1.966438,1.046688,0.051021,0.946797,1.966438,1.966438,1.966438,1.966438,1.966438,1.966438,0.019813,0.021217,0.011350,0.004851,calls/second,milliseconds
1779969167,5,1.966438,1.046688,0.051021,0.946797,1.966438,1.966438,1.966438,1.966438,1.966438,1.966438,0.019735,0.021217,0.011350,0.004851,calls/second,milliseconds
1779969168,5,1.966438,1.046688,0.051021,0.946797,1.966438,1.966438,1.966438,1.966438,1.966438,1.966438,0.019657,0.021217,0.011350,0.004851,calls/second,milliseconds
1779969169,5,1.966438,1.046688,0.051021,0.946797,1.966438,1.966438,1.966438,1.966438,1.966438,1.966438,0.019580,0.019521,0.011162,0.004824,calls/second,milliseconds
1779969170,5,1.966438,1.046688,0.051021,0.946797,1.966438,1.966438,1.966438,1.966438,1.966438,1.966438,0.019504,0.019521,0.011162,0.004824,calls/second,milliseconds
1779969171,5,1.966438,1.046688,0.051021,0.946797,1.966438,1.966438,1.966438,1.966438,1.966438,1.966438,0.019428,0.019521,0.011162,0.004824,calls/second,milliseconds
1779969172,5,1.966438,1.046688,0.051021,0.946797,1.966438,1.966438,1.966438,1.966438,1.966438,1.966438,0.019352,0.019521,0.011162,0.004824,calls/second,milliseconds
1779969173,7,1.966438,0.428906,0.039091,0.757639,0.062507,0.062507,1.966438,1.966438,1.966438,1.966438,0.026989,0.019521,0.011162,0.004824,calls/second,milliseconds
1779969174,7,1.966438,0.428906,0.039091,0.757639,0.062507,0.062507,1.966438,1.966438,1.966438,1.966438,0.026885,0.049942,0.017589,0.007013,calls/second,milliseconds
1779969175,7,1.966438,0.428906,0.039091,0.757639,0.062507,0.062507,1.966438,1.966438,1.966438,1.966438,0.026782,0.049942,0.017589,0.007013,calls/second,milliseconds
1779969176,7,1.966438,0.428906,0.039091,0.757639,0.062507,0.062507,1.966438,1.966438,1.966438,1.966438,0.026680,0.049942,0.017589,0.007013,calls/second,milliseconds
1779969177,7,1.966438,0.428906,0.039091,0.757639,0.062507,0.062507,1.966438,1.966438,1.966438,1.966438,0.026578,0.049942,0.017589,0.007013,calls/second,milliseconds
1779969178,7,1.966438,0.428906,0.039091,0.757639,0.062507,0.062507,1.966438,1.966438,1.966438,1.966438,0.026478,0.049942,0.017589,0.007013,calls/second,milliseconds
1779969179,7,1.966438,0.428906,0.039091,0.757639,0.062507,0.062507,1.966438,1.966438,1.966438,1.966438,0.026378,0.045949,0.017298,0.006975,calls/second,milliseconds
1779969180,7,1.966438,0.428906,0.039091,0.757639,0.062507,0.062507,1.966438,1.966438,1.966438,1.966438,0.026278,0.045949,0.017298,0.006975,calls/second,milliseconds
1779969181,7,1.966438,0.428906,0.039091,0.757639,0.062507,0.062507,1.966438,1.966438,1.966438,1.966438,0.026180,0.045949,0.017298,0.006975,calls/second,milliseconds
1779969182,7,1.966438,0.428906,0.039091,0.757639,0.062507,0.062507,1.966438,1.966438,1.966438,1.966438,0.026082,0.045949,0.017298,0.006975,calls/second,milliseconds
1779969183,7,1.966438,0.428906,0.039091,0.757639,0.062507,0.062507,1.966438,1.966438,1.966438,1.966438,0.025985,0.045949,0.017298,0.006975,calls/second,milliseconds
1779969184,7,1.966438,0.428906,0.039091,0.757639,0.062507,0.062507,1.966438,1.966438,1.966438,1.966438,0.025889,0.042275,0.017012,0.006936,calls/second,milliseconds
1779969185,7,1.966438,0.428906,0.039091,0.757639,0.062507,0.062507,1.966438,1.966438,1.966438,1.966438,0.025794,0.042275,0.017012,0.006936,calls/second,milliseconds
1779969186,7,1.966438,0.428906,0.039091,0.757639,0.062507,0.062507,1.966438,1.966438,1.966438,1.966438,0.025699,0.042275,0.017012,0.006936,calls/second,milliseconds
1779969187,7,1.966438,0.428906,0.039091,0.757639,0.062507,0.062507,1.966438,1.966438,1.966438,1.966438,0.025605,0.042275,0.017012,0.006936,calls/second,milliseconds
1779969188,7,1.966438,0.428906,0.039091,0.757639,0.062507,0.062507,1.966438,1.966438,1.966438,1.966438,0.025511,0.042275,0.017012,0.006936,calls/second,milliseconds
1779969189,7,1.966438,0.428906,0.039091,0.757639,0.062507,0.062507,1.966438,1.966438,1.966438,1.966438,0.025418,0.038895,0.016731,0.006897,calls/second,milliseconds
1779969190,7,1.966438,0.428906,0.039091,0.757639,0.062507,0.062507,1.966438,1.966438,1.966438,1.966438,0.025326,0.038895,0.016731,0.006897,calls/second,milliseconds
1779969191,7,1.966438,0.428906,0.039091,0.757639,0.062507,0.062507,1.966438,1.966438,1.966438,1.966438,0.025235,0.038895,0.016731,0.006897,calls/second,milliseconds
1779969192,7,1.966438,0.428906,0.039091,0.757639,0.062507,0.062507,1.966438,1.966438,1.966438,1.966438,0.025144,0.038895,0.016731,0.006897,calls/second,milliseconds
1779969193,7,1.966438,0.428906,0.039091,0.757639,0.062507,0.062507,1.966438,1.966438,1.966438,1.966438,0.025054,0.038895,0.016731,0.006897,calls/second,milliseconds
1779969194,7,1.966438,0.428906,0.039091,0.757639,0.062507,0.062507,1.966438,1.966438,1.966438,1.966438,0.024964,0.035785,0.016455,0.006859,calls/second,milliseconds
1779969195,7,1.966438,0.428906,0.039091,0.757639,0.062507,0.062507,1.966438,1.966438,1.966438,1.966438,0.024876,0.035785,0.016455,0.006859,calls/second,milliseconds
1779969196,7,1.966438,0.428906,0.039091,0.757639,0.062507,0.062507,1.966438,1.966438,1.966438,1.966438,0.024787,0.035785,0.016455,0.006859,calls/second,milliseconds
1779969197,7,1.966438,0.428906,0.039091,0.757639,0.062507,0.062507,1.966438,1.966438,1.966438,1.966438,0.024700,0.035785,0.016455,0.006859,calls/second,milliseconds
1779969198,7,1.966438,0.428906,0.039091,0.757639,0.062507,0.062507,1.966438,1.966438,1.966438,1.966438,0.024613,0.035785,0.016455,0.006859,calls/second,milliseconds
1779969199,7,1.966438,0.428906,0.039091,0.757639,0.062507,0.062507,1.966438,1.966438,1.966438,1.966438,0.024526,0.032924,0.016183,0.006821,calls/second,milliseconds
1779969200,7,1.966438,0.428906,0.039091,0.757639,0.062507,0.062507,1.966438,1.966438,1.966438,1.966438,0.024441,0.032924,0.016183,0.006821,calls/second,milliseconds
1779969201,7,1.966438,0.428906,0.039091,0.757639,0.062507,0.062507,1.966438,1.966438,1.966438,1.966438,0.024355,0.032924,0.016183,0.006821,calls/second,milliseconds
1779969202,7,1.966438,0.428906,0.039091,0.757639,0.062507,0.062507,1.966438,1.966438,1.966438,1.966438,0.024271,0.032924,0.016183,0.006821,calls/second,milliseconds
1779969203,8,1.966438,0.313918,0.039091,0.642924,0.062507,0.077529,1.966438,1.966438,1.966438,1.966438,0.027642,0.032924,0.016183,0.006821,calls/second,milliseconds
1779969204,8,1.966438,0.313918,0.039091,0.642924,0.062507,0.077529,1.966438,1.966438,1.966438,1.966438,0.027547,0.046283,0.019221,0.007892,calls/second,milliseconds
1779969205,8,1.966438,0.313918,0.039091,0.642924,0.062507,0.077529,1.966438,1.966438,1.966438,1.966438,0.027452,0.046283,0.019221,0.007892,calls/second,milliseconds
1779969206,8,1.966438,0.313918,0.039091,0.642924,0.062507,0.077529,1.966438,1.966438,1.966438,1.966438,0.027358,0.046283,0.019221,0.007892,calls/second,milliseconds
1779969207,8,1.966438,0.313918,0.039091,0.642924,0.062507,0.077529,1.966438,1.966438,1.966438,1.966438,0.027265,0.046283,0.019221,0.007892,calls/second,milliseconds
1779969208,8,1.966438,0.313918,0.039091,0.642924,0.062507,0.077529,1.966438,1.966438,1.966438,1.966438,0.027171,0.046283,0.019221,0.007892,calls/second,milliseconds
1779969209,8,1.966438,0.313918,0.039091,0.642924,0.062507,0.077529,1.966438,1.966438,1.966438,1.966438,0.027079,0.042582,0.018903,0.007848,calls/second,milliseconds
1779969210,8,1.966438,0.313918,0.039091,0.642924,0.062507,0.077529,1.966438,1.966438,1.966438,1.966438,0.026988,0.042582,0.018903,0.007848,calls/second,milliseconds
1779969211,8,1.966438,0.313918,0.039091,0.642924,0.062507,0.077529,1.966438,1.966438,1.966438,1.966438,0.026897,0.042582,0.018903,0.007848,calls/second,milliseconds
1779969212,8,1.966438,0.313918,0.039091,0.642924,0.062507,0.077529,1.966438,1.966438,1.966438,1.966438,0.026807,0.042582,0.018903,0.007848,calls/second,milliseconds
1779969213,8,1.966438,0.313918,0.039091,0.642924,0.062507,0.077529,1.966438,1.966438,1.966438,1.966438,0.026717,0.042582,0.018903,0.007848,calls/second,milliseconds
1779969214,8,1.966438,0.313918,0.039091,0.642924,0.062507,0.077529,1.966438,1.966438,1.966438,1.966438,0.026628,0.039177,0.018591,0.007804,calls/second,milliseconds
1779969215,8,1.966438,0.313918,0.039091,0.642924,0.062507,0.077529,1.966438,1.966438,1.966438,1.966438,0.026539,0.039177,0.018591,0.007804,calls/second,milliseconds
1779969216,8,1.966438,0.313918,0.039091,0.642924,0.062507,0.077529,1.966438,1.966438,1.966438,1.966438,0.026452,0.039177,0.018591,0.007804,calls/second,milliseconds
1779969217,8,1.966438,0.313918,0.039091,0.642924,0.062507,0.077529,1.966438,1.966438,1.966438,1.966438,0.026364,0.039177,0.018591,0.007804,calls/second,milliseconds
1779969218,8,1.966438,0.313918,0.039091,0.642924,0.062507,0.077529,1.966438,1.966438,1.966438,1.966438,0.026278,0.039177,0.018591,0.007804,calls/second,milliseconds
1779969220,8,1.966438,0.313918,0.039091,0.642924,0.062507,0.077529,1.966438,1.966438,1.966438,1.966438,0.026191,0.036045,0.018284,0.007761,calls/second,milliseconds
1779969221,8,1.966438,0.313918,0.039091,0.642924,0.062507,0.077529,1.966438,1.966438,1.966438,1.966438,0.026106,0.036045,0.018284,0.007761,calls/second,milliseconds
1779969222,8,1.966438,0.313918,0.039091,0.642924,0.062507,0.077529,1.966438,1.966438,1.966438,1.966438,0.026021,0.036045,0.018284,0.007761,calls/second,milliseconds
1779969223,8,1.966438,0.313918,0.039091,0.642924,0.062507,0.077529,1.966438,1.966438,1.966438,1.966438,0.025936,0.036045,0.018284,0.007761,calls/second,milliseconds
1779969224,8,1.966438,0.313918,0.039091,0.642924,0.062507,0.077529,1.966438,1.966438,1.966438,1.966438,0.025852,0.036045,0.018284,0.007761,calls/second,milliseconds
1779969225,8,1.966438,0.313918,0.039091,0.642924,0.062507,0.077529,1.966438,1.966438,1.966438,1.966438,0.025769,0.033163,0.017981,0.007718,calls/second,milliseconds
1779969226,8,1.966438,0.313918,0.039091,0.642924,0.062507,0.077529,1.966438,1.966438,1.966438,1.966438,0.025686,0.033163,0.017981,0.007718,calls/second,milliseconds
1779969227,8,1.966438,0.313918,0.039091,0.642924,0.062507,0.077529,1.966438,1.966438,1.966438,1.966438,0.025604,0.033163,0.017981,0.007718,calls/second,milliseconds
1779969228,8,1.966438,0.313918,0.039091,0.642924,0.062507,0.077529,1.966438,1.966438,1.966438,1.966438,0.025522,0.033163,0.017981,0.007718,calls/second,milliseconds
1779969229,8,1.966438,0.313918,0.039091,0.642924,0.062507,0.077529,1.966438,1.966438,1.966438,1.966438,0.025441,0.033163,0.017981,0.007718,calls/second,milliseconds
1779969230,8,1.966438,0.313918,0.039091,0.642924,0.062507,0.077529,1.966438,1.966438,1.966438,1.966438,0.025360,0.030511,0.017684,0.007675,calls/second,milliseconds
1779969231,8,1.966438,0.313918,0.039091,0.642924,0.062507,0.077529,1.966438,1.966438,1.966438,1.966438,0.025280,0.030511,0.017684,0.007675,calls/second,milliseconds
1779969232,8,1.966438,0.313918,0.039091,0.642924,0.062507,0.077529,1.966438,1.966438,1.966438,1.966438,0.025200,0.030511,0.017684,0.007675,calls/second,milliseconds
1779969233,8,1.966438,0.313918,0.039091,0.642924,0.062507,0.077529,1.966438,1.966438,1.966438,1.966438,0.025121,0.030511,0.017684,0.007675,calls/second,milliseconds
1779969234,8,1.966438,0.313918,0.039091,0.642924,0.062507,0.077529,1.966438,1.966438,1.966438,1.966438,0.025042,0.030511,0.017684,0.007675,calls/second,milliseconds
1779969235,8,1.966438,0.313918,0.039091,0.642924,0.062507,0.077529,1.966438,1.966438,1.966438,1.966438,0.024964,0.028072,0.017392,0.007633,calls/second,milliseconds
1779969236,8,1.966438,0.313918,0.039091,0.642924,0.062507,0.077529,1.966438,1.966438,1.966438,1.966438,0.024886,0.028072,0.017392,0.007633,calls/second,milliseconds
1779969237,8,1.966438,0.313918,0.039091,0.642924,0.062507,0.077529,1.966438,1.966438,1.966438,1.966438,0.024809,0.028072,0.017392,0.007633,calls/second,milliseconds
1779969238,8,1.966438,0.313918,0.039091,0.642924,0.062507,0.077529,1.966438,1.966438,1.966438,1.966438,0.024732,0.028072,0.017392,0.007633,calls/second,milliseconds
1779969239,8,1.966438,0.313918,0.039091,0.642924,0.062507,0.077529,1.966438,1.966438,1.966438,1.966438,0.024656,0.028072,0.017392,0.007633,calls/second,milliseconds
1779969240,8,1.966438,0.313918,0.039091,0.642924,0.062507,0.077529,1.966438,1.966438,1.966438,1.966438,0.024580,0.025827,0.017104,0.007591,calls/second,milliseconds
1779969241,8,1.966438,0.313918,0.039091,0.642924,0.062507,0.077529,1.966438,1.966438,1.966438,1.966438,0.024504,0.025827,0.017104,0.007591,calls/second,milliseconds
1779969242,8,1.966438,0.313918,0.039091,0.642924,0.062507,0.077529,1.966438,1.966438,1.966438,1.966438,0.024429,0.025827,0.017104,0.007591,calls/second,milliseconds
1779969243,8,1.966438,0.313918,0.039091,0.642924,0.062507,0.077529,1.966438,1.966438,1.966438,1.966438,0.024355,0.025827,0.017104,0.007591,calls/second,milliseconds
1779969244,8,1.966438,0.313918,0.039091,0.642924,0.062507,0.077529,1.966438,1.966438,1.966438,1.966438,0.024281,0.025827,0.017104,0.007591,calls/second,milliseconds
1779969245,8,1.966438,0.313918,0.039091,0.642924,0.062507,0.077529,1.966438,1.966438,1.966438,1.966438,0.024207,0.023762,0.016822,0.007548,calls/second,milliseconds
1779969246,8,1.966438,0.313918,0.039091,0.642924,0.062507,0.077529,1.966438,1.966438,1.966438,1.966438,0.024134,0.023762,0.016822,0.007548,calls/second,milliseconds
1779969247,8,1.966438,0.313918,0.039091,0.642924,0.062507,0.077529,1.966438,1.966438,1.966438,1.966438,0.024061,0.023762,0.016822,0.007548,calls/second,milliseconds
1779969248,8,1.966438,0.313918,0.039091,0.642924,0.062507,0.077529,1.966438,1.966438,1.966438,1.966438,0.023989,0.023762,0.016822,0.007548,calls/second,milliseconds
1779969249,8,1.966438,0.313918,0.039091,0.642924,0.062507,0.077529,1.966438,1.966438,1.966438,1.966438,0.023917,0.023762,0.016822,0.007548,calls/second,milliseconds
1779969250,8,1.966438,0.313918,0.039091,0.642924,0.062507,0.077529,1.966438,1.966438,1.966438,1.966438,0.023846,0.021862,0.016544,0.007507,calls/second,milliseconds
1779969251,8,1.966438,0.313918,0.039091,0.642924,0.062507,0.077529,1.966438,1.966438,1.966438,1.966438,0.023775,0.021862,0.016544,0.007507,calls/second,milliseconds
1779969252,8,1.966438,0.313918,0.039091,0.642924,0.062507,0.077529,1.966438,1.966438,1.966438,1.966438,0.023704,0.021862,0.016544,0.007507,calls/second,milliseconds
1779969253,8,1.966438,0.313918,0.039091,0.642924,0.062507,0.077529,1.966438,1.966438,1.966438,1.966438,0.023634,0.021862,0.016544,0.007507,calls/second,milliseconds
1779969254,8,1.966438,0.313918,0.039091,0.642924,0.062507,0.077529,1.966438,1.966438,1.966438,1.966438,0.023565,0.021862,0.016544,0.007507,calls/second,milliseconds
1779969255,8,1.966438,0.313918,0.039091,0.642924,0.062507,0.077529,1.966438,1.966438,1.966438,1.966438,0.023495,0.020114,0.016270,0.007465,calls/second,milliseconds
1779969256,8,1.966438,0.313918,0.039091,0.642924,0.062507,0.077529,1.966438,1.966438,1.966438,1.966438,0.023426,0.020114,0.016270,0.007465,calls/second,milliseconds
1779969257,8,1.966438,0.313918,0.039091,0.642924,0.062507,0.077529,1.966438,1.966438,1.966438,1.966438,0.023358,0.020114,0.016270,0.007465,calls/second,milliseconds
1779969258,8,1.966438,0.313918,0.039091,0.642924,0.062507,0.077529,1.966438,1.966438,1.966438,1.966438,0.023290,0.020114,0.016270,0.007465,calls/second,milliseconds
1779969259,8,1.966438,0.313918,0.039091,0.642924,0.062507,0.077529,1.966438,1.966438,1.966438,1.966438,0.023222,0.020114,0.016270,0.007465,calls/second,milliseconds
1779969260,8,1.966438,0.313918,0.039091,0.642924,0.062507,0.077529,1.966438,1.966438,1.966438,1.966438,0.023155,0.018506,0.016001,0.007424,calls/second,milliseconds
1779969261,8,1.966438,0.313918,0.039091,0.642924,0.062507,0.077529,1.966438,1.966438,1.966438,1.966438,0.023088,0.018506,0.016001,0.007424,calls/second,milliseconds
1779969262,8,1.966438,0.313918,0.039091,0.642924,0.062507,0.077529,1.966438,1.966438,1.966438,1.966438,0.023021,0.018506,0.016001,0.007424,calls/second,milliseconds
1779969263,8,1.966438,0.313918,0.039091,0.642924,0.062507,0.077529,1.966438,1.966438,1.966438,1.966438,0.022955,0.018506,0.016001,0.007424,calls/second,milliseconds
1779969264,8,1.966438,0.313918,0.039091,0.642924,0.062507,0.077529,1.966438,1.966438,1.966438,1.966438,0.022889,0.018506,0.016001,0.007424,calls/second,milliseconds
1779969265,8,1.966438,0.313918,0.039091,0.642924,0.062507,0.077529,1.966438,1.966438,1.966438,1.966438,0.022824,0.017026,0.015737,0.007383,calls/second,milliseconds
1779969266,8,1.966438,0.313918,0.039091,0.642924,0.062507,0.077529,1.966438,1.966438,1.966438,1.966438,0.022759,0.017026,0.015737,0.007383,calls/second,milliseconds
1779969267,8,1.966438,0.313918,0.039091,0.642924,0.062507,0.077529,1.966438,1.966438,1.966438,1.966438,0.022694,0.017026,0.015737,0.007383,calls/second,milliseconds
1779969268,8,1.966438,0.313918,0.039091,0.642924,0.062507,0.077529,1.966438,1.966438,1.966438,1.966438,0.022630,0.017026,0.015737,0.007383,calls/second,milliseconds
1779969269,8,1.966438,0.313918,0.039091,0.642924,0.062507,0.077529,1.966438,1.966438,1.966438,1.966438,0.022566,0.017026,0.015737,0.007383,calls/second,milliseconds
1779969270,8,1.966438,0.313918,0.039091,0.642924,0.062507,0.077529,1.966438,1.966438,1.966438,1.966438,0.022503,0.015665,0.015477,0.007342,calls/second,milliseconds
1779969271,8,1.966438,0.313918,0.039091,0.642924,0.062507,0.077529,1.966438,1.966438,1.966438,1.966438,0.022439,0.015665,0.015477,0.007342,calls/second,milliseconds
1779969272,8,1.966438,0.313918,0.039091,0.642924,0.062507,0.077529,1.966438,1.966438,1.966438,1.966438,0.022376,0.015665,0.015477,0.007342,calls/second,milliseconds
1779969273,8,1.966438,0.313918,0.039091,0.642924,0.062507,0.077529,1.966438,1.966438,1.966438,1.966438,0.022314,0.015665,0.015477,0.007342,calls/second,milliseconds
1779969274,8,1.966438,0.313918,0.039091,0.642924,0.062507,0.077529,1.966438,1.966438,1.966438,1.966438,0.022252,0.015665,0.015477,0.007342,calls/second,milliseconds
1779969275,8,1.966438,0.313918,0.039091,0.642924,0.062507,0.077529,1.966438,1.966438,1.966438,1.966438,0.022190,0.014413,0.015221,0.007301,calls/second,milliseconds
1779969276,8,1.966438,0.313918,0.039091,0.642924,0.062507,0.077529,1.966438,1.966438,1.966438,1.966438,0.022129,0.014413,0.015221,0.007301,calls/second,milliseconds
1779969277,8,1.966438,0.313918,0.039091,0.642924,0.062507,0.077529,1.966438,1.966438,1.966438,1.966438,0.022067,0.014413,0.015221,0.007301,calls/second,milliseconds
1779969278,8,1.966438,0.313918,0.039091,0.642924,0.062507,0.077529,1.966438,1.966438,1.966438,1.966438,0.022007,0.014413,0.015221,0.007301,calls/second,milliseconds
1779969279,8,1.966438,0.313918,0.039091,0.642924,0.062507,0.077529,1.966438,1.966438,1.966438,1.966438,0.021946,0.014413,0.015221,0.007301,calls/second,milliseconds
1779969280,8,1.966438,0.313918,0.039091,0.642924,0.062507,0.077529,1.966438,1.966438,1.966438,1.966438,0.021886,0.013260,0.014969,0.007261,calls/second,milliseconds
1779969281,8,1.966438,0.313918,0.039091,0.642924,0.062507,0.077529,1.966438,1.966438,1.966438,1.966438,0.021826,0.013260,0.014969,0.007261,calls/second,milliseconds
1779969282,8,1.966438,0.313918,0.039091,0.642924,0.062507,0.077529,1.966438,1.966438,1.966438,1.966438,0.021767,0.013260,0.014969,0.007261,calls/second,milliseconds
1779969283,8,1.966438,0.313918,0.039091,0.642924,0.062507,0.077529,1.966438,1.966438,1.966438,1.966438,0.021708,0.013260,0.014969,0.007261,calls/second,milliseconds
1779969284,8,1.966438,0.313918,0.039091,0.642924,0.062507,0.077529,1.966438,1.966438,1.966438,1.966438,0.021649,0.013260,0.014969,0.007261,calls/second,milliseconds
1779969285,8,1.966438,0.313918,0.039091,0.642924,0.062507,0.077529,1.966438,1.966438,1.966438,1.966438,0.021590,0.012200,0.014722,0.007220,calls/second,milliseconds
1779969286,8,1.966438,0.313918,0.039091,0.642924,0.062507,0.077529,1.966438,1.966438,1.966438,1.966438,0.021532,0.012200,0.014722,0.007220,calls/second,milliseconds
1779969287,8,1.966438,0.313918,0.039091,0.642924,0.062507,0.077529,1.966438,1.966438,1.966438,1.966438,0.021474,0.012200,0.014722,0.007220,calls/second,milliseconds
1779969288,8,1.966438,0.313918,0.039091,0.642924,0.062507,0.077529,1.966438,1.966438,1.966438,1.966438,0.021417,0.012200,0.014722,0.007220,calls/second,milliseconds
1779969289,8,1.966438,0.313918,0.039091,0.642924,0.062507,0.077529,1.966438,1.966438,1.966438,1.966438,0.021359,0.012200,0.014722,0.007220,calls/second,milliseconds
1779969290,8,1.966438,0.313918,0.039091,0.642924,0.062507,0.077529,1.966438,1.966438,1.966438,1.966438,0.021302,0.011225,0.014479,0.007180,calls/second,milliseconds
1779969291,8,1.966438,0.313918,0.039091,0.642924,0.062507,0.077529,1.966438,1.966438,1.966438,1.966438,0.021246,0.011225,0.014479,0.007180,calls/second,milliseconds
1779969292,8,1.966438,0.313918,0.039091,0.642924,0.062507,0.077529,1.966438,1.966438,1.966438,1.966438,0.021189,0.011225,0.014479,0.007180,calls/second,milliseconds
1779969293,8,1.966438,0.313918,0.039091,0.642924,0.062507,0.077529,1.966438,1.966438,1.966438,1.966438,0.021133,0.011225,0.014479,0.007180,calls/second,milliseconds
1779969294,8,1.966438,0.313918,0.039091,0.642924,0.062507,0.077529,1.966438,1.966438,1.966438,1.966438,0.021077,0.011225,0.014479,0.007180,calls/second,milliseconds
1779969295,8,1.966438,0.313918,0.039091,0.642924,0.062507,0.077529,1.966438,1.966438,1.966438,1.966438,0.021022,0.010327,0.014239,0.007141,calls/second,milliseconds
1779969296,8,1.966438,0.313918,0.039091,0.642924,0.062507,0.077529,1.966438,1.966438,1.966438,1.966438,0.020967,0.010327,0.014239,0.007141,calls/second,milliseconds
1779969297,8,1.966438,0.313918,0.039091,0.642924,0.062507,0.077529,1.966438,1.966438,1.966438,1.966438,0.020912,0.010327,0.014239,0.007141,calls/second,milliseconds
1779969298,8,1.966438,0.313918,0.039091,0.642924,0.062507,0.077529,1.966438,1.966438,1.966438,1.966438,0.020857,0.010327,0.014239,0.007141,calls/second,milliseconds
1779969299,8,1.966438,0.313918,0.039091,0.642924,0.062507,0.077529,1.966438,1.966438,1.966438,1.966438,0.020803,0.010327,0.014239,0.007141,calls/second,milliseconds
1779969300,8,1.966438,0.313918,0.039091,0.642924,0.062507,0.077529,1.966438,1.966438,1.966438,1.966438,0.020749,0.009501,0.014004,0.007101,calls/second,milliseconds
1779969301,8,1.966438,0.313918,0.039091,0.642924,0.062507,0.077529,1.966438,1.966438,1.966438,1.966438,0.020695,0.009501,0.014004,0.007101,calls/second,milliseconds
1779969302,8,1.966438,0.313918,0.039091,0.642924,0.062507,0.077529,1.966438,1.966438,1.966438,1.966438,0.020642,0.009501,0.014004,0.007101,calls/second,milliseconds
1779969303,8,1.966438,0.313918,0.039091,0.642924,0.062507,0.077529,1.966438,1.966438,1.966438,1.966438,0.020589,0.009501,0.014004,0.007101,calls/second,milliseconds
1779969304,8,1.966438,0.313918,0.039091,0.642924,0.062507,0.077529,1.966438,1.966438,1.966438,1.966438,0.020536,0.009501,0.014004,0.007101,calls/second,milliseconds
1779969305,8,1.966438,0.313918,0.039091,0.642924,0.062507,0.077529,1.966438,1.966438,1.966438,1.966438,0.020483,0.008742,0.013772,0.007062,calls/second,milliseconds
1779969306,8,1.966438,0.313918,0.039091,0.642924,0.062507,0.077529,1.966438,1.966438,1.966438,1.966438,0.020431,0.008742,0.013772,0.007062,calls/second,milliseconds
1779969307,8,1.966438,0.313918,0.039091,0.642924,0.062507,0.077529,1.966438,1.966438,1.966438,1.966438,0.020378,0.008742,0.013772,0.007062,calls/second,milliseconds
1779969308,8,1.966438,0.313918,0.039091,0.642924,0.062507,0.077529,1.966438,1.966438,1.966438,1.966438,0.020327,0.008742,0.013772,0.007062,calls/second,milliseconds
1779969309,8,1.966438,0.313918,0.039091,0.642924,0.062507,0.077529,1.966438,1.966438,1.966438,1.966438,0.020275,0.008742,0.013772,0.007062,calls/second,milliseconds
1779969310,8,1.966438,0.313918,0.039091,0.642924,0.062507,0.077529,1.966438,1.966438,1.966438,1.966438,0.020224,0.008043,0.013545,0.007023,calls/second,milliseconds
1779969311,8,1.966438,0.313918,0.039091,0.642924,0.062507,0.077529,1.966438,1.966438,1.966438,1.966438,0.020173,0.008043,0.013545,0.007023,calls/second,milliseconds
1779969312,8,1.966438,0.313918,0.039091,0.642924,0.062507,0.077529,1.966438,1.966438,1.966438,1.966438,0.020122,0.008043,0.013545,0.007023,calls/second,milliseconds
1779969313,8,1.966438,0.313918,0.039091,0.642924,0.062507,0.077529,1.966438,1.966438,1.966438,1.966438,0.020071,0.008043,0.013545,0.007023,calls/second,milliseconds
1779969314,8,1.966438,0.313918,0.039091,0.642924,0.062507,0.077529,1.966438,1.966438,1.966438,1.966438,0.020021,0.008043,0.013545,0.007023,calls/second,milliseconds
1779969315,8,1.966438,0.313918,0.039091,0.642924,0.062507,0.077529,1.966438,1.966438,1.966438,1.966438,0.019971,0.007400,0.013321,0.006984,calls/second,milliseconds
1779969316,8,1.966438,0.313918,0.039091,0.642924,0.062507,0.077529,1.966438,1.966438,1.966438,1.966438,0.019921,0.007400,0.013321,0.006984,calls/second,milliseconds
1779969317,8,1.966438,0.313918,0.039091,0.642924,0.062507,0.077529,1.966438,1.966438,1.966438,1.966438,0.019872,0.007400,0.013321,0.006984,calls/second,milliseconds
1779969318,8,1.966438,0.313918,0.039091,0.642924,0.062507,0.077529,1.966438,1.966438,1.966438,1.966438,0.019822,0.007400,0.013321,0.006984,calls/second,milliseconds
1779969319,8,1.966438,0.313918,0.039091,0.642924,0.062507,0.077529,1.966438,1.966438,1.966438,1.966438,0.019773,0.007400,0.013321,0.006984,calls/second,milliseconds
1779969320,8,1.966438,0.313918,0.039091,0.642924,0.062507,0.077529,1.966438,1.966438,1.966438,1.966438,0.019724,0.006808,0.013101,0.006945,calls/second,milliseconds
1779969321,8,1.966438,0.313918,0.039091,0.642924,0.062507,0.077529,1.966438,1.966438,1.966438,1.966438,0.019676,0.006808,0.013101,0.006945,calls/second,milliseconds
1779969322,8,1.966438,0.313918,0.039091,0.642924,0.062507,0.077529,1.966438,1.966438,1.966438,1.966438,0.019627,0.006808,0.013101,0.006945,calls/second,milliseconds
1779969323,8,1.966438,0.313918,0.039091,0.642924,0.062507,0.077529,1.966438,1.966438,1.966438,1.966438,0.019579,0.006808,0.013101,0.006945,calls/second,milliseconds
1779969324,8,1.966438,0.313918,0.039091,0.642924,0.062507,0.077529,1.966438,1.966438,1.966438,1.966438,0.019531,0.006808,0.013101,0.006945,calls/second,milliseconds
1779969325,8,1.966438,0.313918,0.039091,0.642924,0.062507,0.077529,1.966438,1.966438,1.966438,1.966438,0.019484,0.006264,0.012884,0.006906,calls/second,milliseconds
1779969326,8,1.966438,0.313918,0.039091,0.642924,0.062507,0.077529,1.966438,1.966438,1.966438,1.966438,0.019436,0.006264,0.012884,0.006906,calls/second,milliseconds
1779969327,8,1.966438,0.313918,0.039091,0.642924,0.062507,0.077529,1.966438,1.966438,1.966438,1.966438,0.019389,0.006264,0.012884,0.006906,calls/second,milliseconds
1779969328,8,1.966438,0.313918,0.039091,0.642924,0.062507,0.077529,1.966438,1.966438,1.966438,1.966438,0.019342,0.006264,0.012884,0.006906,calls/second,milliseconds
1779969329,8,1.966438,0.313918,0.039091,0.642924,0.062507,0.077529,1.966438,1.966438,1.966438,1.966438,0.019295,0.006264,0.012884,0.006906,calls/second,milliseconds
1779969330,8,1.966438,0.313918,0.039091,0.642924,0.062507,0.077529,1.966438,1.966438,1.966438,1.966438,0.019249,0.005763,0.012671,0.006868,calls/second,milliseconds
1779969331,8,1.966438,0.313918,0.039091,0.642924,0.062507,0.077529,1.966438,1.966438,1.966438,1.966438,0.019203,0.005763,0.012671,0.006868,calls/second,milliseconds
1779969332,8,1.966438,0.313918,0.039091,0.642924,0.062507,0.077529,1.966438,1.966438,1.966438,1.966438,0.019156,0.005763,0.012671,0.006868,calls/second,milliseconds
1779969333,8,1.966438,0.313918,0.039091,0.642924,0.062507,0.077529,1.966438,1.966438,1.966438,1.966438,0.019111,0.005763,0.012671,0.006868,calls/second,milliseconds
1779969334,8,1.966438,0.313918,0.039091,0.642924,0.062507,0.077529,1.966438,1.966438,1.966438,1.966438,0.019065,0.005763,0.012671,0.006868,calls/second,milliseconds
1779969335,8,1.966438,0.313918,0.039091,0.642924,0.062507,0.077529,1.966438,1.966438,1.966438,1.966438,0.019020,0.005302,0.012462,0.006830,calls/second,milliseconds
1779969336,8,1.966438,0.313918,0.039091,0.642924,0.062507,0.077529,1.966438,1.966438,1.966438,1.966438,0.018974,0.005302,0.012462,0.006830,calls/second,milliseconds
1779969337,8,1.966438,0.313918,0.039091,0.642924,0.062507,0.077529,1.966438,1.966438,1.966438,1.966438,0.018929,0.005302,0.012462,0.006830,calls/second,milliseconds
1779969338,8,1.966438,0.313918,0.039091,0.642924,0.062507,0.077529,1.966438,1.966438,1.966438,1.966438,0.018885,0.005302,0.012462,0.006830,calls/second,milliseconds
1779969339,8,1.966438,0.313918,0.039091,0.642924,0.062507,0.077529,1.966438,1.966438,1.966438,1.966438,0.018840,0.005302,0.012462,0.006830,calls/second,milliseconds
1779969340,8,1.966438,0.313918,0.039091,0.642924,0.062507,0.077529,1.966438,1.966438,1.966438,1.966438,0.018796,0.004878,0.012256,0.006792,calls/second,milliseconds
1779969341,8,1.966438,0.313918,0.039091,0.642924,0.062507,0.077529,1.966438,1.966438,1.966438,1.966438,0.018752,0.004878,0.012256,0.006792,calls/second,milliseconds
1779969342,8,1.966438,0.313918,0.039091,0.642924,0.062507,0.077529,1.966438,1.966438,1.966438,1.966438,0.018708,0.004878,0.012256,0.006792,calls/second,milliseconds
1779969343,8,1.966438,0.313918,0.039091,0.642924,0.062507,0.077529,1.966438,1.966438,1.966438,1.966438,0.018664,0.004878,0.012256,0.006792,calls/second,milliseconds
1779969344,8,1.966438,0.313918,0.039091,0.642924,0.062507,0.077529,1.966438,1.966438,1.966438,1.966438,0.018621,0.004878,0.012256,0.006792,calls/second,milliseconds
1779969345,8,1.966438,0.313918,0.039091,0.642924,0.062507,0.077529,1.966438,1.966438,1.966438,1.966438,0.018577,0.004488,0.012053,0.006755,calls/second,milliseconds
1779969346,8,1.966438,0.313918,0.039091,0.642924,0.062507,0.077529,1.966438,1.966438,1.966438,1.966438,0.018534,0.004488,0.012053,0.006755,calls/second,milliseconds
1779969347,8,1.966438,0.313918,0.039091,0.642924,0.062507,0.077529,1.966438,1.966438,1.966438,1.966438,0.018491,0.004488,0.012053,0.006755,calls/second,milliseconds
1779969348,8,1.966438,0.313918,0.039091,0.642924,0.062507,0.077529,1.966438,1.966438,1.966438,1.966438,0.018449,0.004488,0.012053,0.006755,calls/second,milliseconds
1779969349,8,1.966438,0.313918,0.039091,0.642924,0.062507,0.077529,1.966438,1.966438,1.966438,1.966438,0.018406,0.004488,0.012053,0.006755,calls/second,milliseconds
1779969350,8,1.966438,0.313918,0.039091,0.642924,0.062507,0.077529,1.966438,1.966438,1.966438,1.966438,0.018364,0.004129,0.011854,0.006717,calls/second,milliseconds
1779969351,8,1.966438,0.313918,0.039091,0.642924,0.062507,0.077529,1.966438,1.966438,1.966438,1.966438,0.018322,0.004129,0.011854,0.006717,calls/second,milliseconds
1779969352,8,1.966438,0.313918,0.039091,0.642924,0.062507,0.077529,1.966438,1.966438,1.966438,1.966438,0.018280,0.004129,0.011854,0.006717,calls/second,milliseconds
1779969353,8,1.966438,0.313918,0.039091,0.642924,0.062507,0.077529,1.966438,1.966438,1.966438,1.966438,0.018238,0.004129,0.011854,0.006717,calls/second,milliseconds
1779969354,8,1.966438,0.313918,0.039091,0.642924,0.062507,0.077529,1.966438,1.966438,1.966438,1.966438,0.018196,0.004129,0.011854,0.006717,calls/second,milliseconds
1779969355,8,1.966438,0.313918,0.039091,0.642924,0.062507,0.077529,1.966438,1.966438,1.966438,1.966438,0.018155,0.003799,0.011658,0.006680,calls/second,milliseconds
1779969356,8,1.966438,0.313918,0.039091,0.642924,0.062507,0.077529,1.966438,1.966438,1.966438,1.966438,0.018114,0.003799,0.011658,0.006680,calls/second,milliseconds
1779969357,8,1.966438,0.313918,0.039091,0.642924,0.062507,0.077529,1.966438,1.966438,1.966438,1.966438,0.018073,0.003799,0.011658,0.006680,calls/second,milliseconds
1779969358,8,1.966438,0.313918,0.039091,0.642924,0.062507,0.077529,1.966438,1.966438,1.966438,1.966438,0.018032,0.003799,0.011658,0.006680,calls/second,milliseconds
1779969359,8,1.966438,0.313918,0.039091,0.642924,0.062507,0.077529,1.966438,1.966438,1.966438,1.966438,0.017992,0.003799,0.011658,0.006680,calls/second,milliseconds
1779969360,8,1.966438,0.313918,0.039091,0.642924,0.062507,0.077529,1.966438,1.966438,1.966438,1.966438,0.017951,0.003495,0.011465,0.006643,calls/second,milliseconds
1779969361,8,1.966438,0.313918,0.039091,0.642924,0.062507,0.077529,1.966438,1.966438,1.966438,1.966438,0.017911,0.003495,0.011465,0.006643,calls/second,milliseconds
1779969362,8,1.966438,0.313918,0.039091,0.642924,0.062507,0.077529,1.966438,1.966438,1.966438,1.966438,0.017871,0.003495,0.011465,0.006643,calls/second,milliseconds
1779969363,8,1.966438,0.313918,0.039091,0.642924,0.062507,0.077529,1.966438,1.966438,1.966438,1.966438,0.017831,0.003495,0.011465,0.006643,calls/second,milliseconds
1779969364,8,1.966438,0.313918,0.039091,0.642924,0.062507,0.077529,1.966438,1.966438,1.966438,1.966438,0.017791,0.003495,0.011465,0.006643,calls/second,milliseconds
1779969365,8,1.966438,0.313918,0.039091,0.642924,0.062507,0.077529,1.966438,1.966438,1.966438,1.966438,0.017752,0.003216,0.011276,0.006606,calls/second,milliseconds
1779969366,8,1.966438,0.313918,0.039091,0.642924,0.062507,0.077529,1.966438,1.966438,1.966438,1.966438,0.017712,0.003216,0.011276,0.006606,calls/second,milliseconds
1779969367,8,1.966438,0.313918,0.039091,0.642924,0.062507,0.077529,1.966438,1.966438,1.966438,1.966438,0.017673,0.003216,0.011276,0.006606,calls/second,milliseconds
1779969368,8,1.966438,0.313918,0.039091,0.642924,0.062507,0.077529,1.966438,1.966438,1.966438,1.966438,0.017634,0.003216,0.011276,0.006606,calls/second,milliseconds
1779969369,8,1.966438,0.313918,0.039091,0.642924,0.062507,0.077529,1.966438,1.966438,1.966438,1.966438,0.017595,0.003216,0.011276,0.006606,calls/second,milliseconds
1779969370,8,1.966438,0.313918,0.039091,0.642924,0.062507,0.077529,1.966438,1.966438,1.966438,1.966438,0.017557,0.002959,0.011090,0.006570,calls/second,milliseconds
1779969371,8,1.966438,0.313918,0.039091,0.642924,0.062507,0.077529,1.966438,1.966438,1.966438,1.966438,0.017518,0.002959,0.011090,0.006570,calls/second,milliseconds
1779969372,8,1.966438,0.313918,0.039091,0.642924,0.062507,0.077529,1.966438,1.966438,1.966438,1.966438,0.017480,0.002959,0.011090,0.006570,calls/second,milliseconds
1779969373,8,1.966438,0.313918,0.039091,0.642924,0.062507,0.077529,1.966438,1.966438,1.966438,1.966438,0.017442,0.002959,0.011090,0.006570,calls/second,milliseconds
1779969374,8,1.966438,0.313918,0.039091,0.642924,0.062507,0.077529,1.966438,1.966438,1.966438,1.966438,0.017404,0.002959,0.011090,0.006570,calls/second,milliseconds
1779969375,8,1.966438,0.313918,0.039091,0.642924,0.062507,0.077529,1.966438,1.966438,1.966438,1.966438,0.017366,0.002722,0.010906,0.006533,calls/second,milliseconds
1779969376,8,1.966438,0.313918,0.039091,0.642924,0.062507,0.077529,1.966438,1.966438,1.966438,1.966438,0.017328,0.002722,0.010906,0.006533,calls/second,milliseconds
1779969377,8,1.966438,0.313918,0.039091,0.642924,0.062507,0.077529,1.966438,1.966438,1.966438,1.966438,0.017291,0.002722,0.010906,0.006533,calls/second,milliseconds
1779969378,8,1.966438,0.313918,0.039091,0.642924,0.062507,0.077529,1.966438,1.966438,1.966438,1.966438,0.017253,0.002722,0.010906,0.006533,calls/second,milliseconds
1779969379,8,1.966438,0.313918,0.039091,0.642924,0.062507,0.077529,1.966438,1.966438,1.966438,1.966438,0.017216,0.002722,0.010906,0.006533,calls/second,milliseconds
1779969380,8,1.966438,0.313918,0.039091,0.642924,0.062507,0.077529,1.966438,1.966438,1.966438,1.966438,0.017179,0.002505,0.010726,0.006497,calls/second,milliseconds
1779969381,8,1.966438,0.313918,0.039091,0.642924,0.062507,0.077529,1.966438,1.966438,1.966438,1.966438,0.017142,0.002505,0.010726,0.006497,calls/second,milliseconds
1779969382,8,1.966438,0.313918,0.039091,0.642924,0.062507,0.077529,1.966438,1.966438,1.966438,1.966438,0.017106,0.002505,0.010726,0.006497,calls/second,milliseconds
1779969383,8,1.966438,0.313918,0.039091,0.642924,0.062507,0.077529,1.966438,1.966438,1.966438,1.966438,0.017069,0.002505,0.010726,0.006497,calls/second,milliseconds
1779969384,8,1.966438,0.313918,0.039091,0.642924,0.062507,0.077529,1.966438,1.966438,1.966438,1.966438,0.017033,0.002505,0.010726,0.006497,calls/second,milliseconds
1779969385,8,1.966438,0.313918,0.039091,0.642924,0.062507,0.077529,1.966438,1.966438,1.966438,1.966438,0.016996,0.002304,0.010549,0.006461,calls/second,milliseconds
1779969386,8,1.966438,0.313918,0.039091,0.642924,0.062507,0.077529,1.966438,1.966438,1.966438,1.966438,0.016960,0.002304,0.010549,0.006461,calls/second,milliseconds
1779969387,8,1.966438,0.313918,0.039091,0.642924,0.062507,0.077529,1.966438,1.966438,1.966438,1.966438,0.016924,0.002304,0.010549,0.006461,calls/second,milliseconds
1779969388,8,1.966438,0.313918,0.039091,0.642924,0.062507,0.077529,1.966438,1.966438,1.966438,1.966438,0.016889,0.002304,0.010549,0.006461,calls/second,milliseconds
1779969389,8,1.966438,0.313918,0.039091,0.642924,0.062507,0.077529,1.966438,1.966438,1.966438,1.966438,0.016853,0.002304,0.010549,0.006461,calls/second,milliseconds
1779969390,8,1.966438,0.313918,0.039091,0.642924,0.062507,0.077529,1.966438,1.966438,1.966438,1.966438,0.016817,0.002120,0.010374,0.006425,calls/second,milliseconds
1779969391,8,1.966438,0.313918,0.039091,0.642924,0.062507,0.077529,1.966438,1.966438,1.966438,1.966438,0.016782,0.002120,0.010374,0.006425,calls/second,milliseconds
1779969392,8,1.966438,0.313918,0.039091,0.642924,0.062507,0.077529,1.966438,1.966438,1.966438,1.966438,0.016747,0.002120,0.010374,0.006425,calls/second,milliseconds
1779969393,8,1.966438,0.313918,0.039091,0.642924,0.062507,0.077529,1.966438,1.966438,1.966438,1.966438,0.016712,0.002120,0.010374,0.006425,calls/second,milliseconds
1779969394,8,1.966438,0.313918,0.039091,0.642924,0.062507,0.077529,1.966438,1.966438,1.966438,1.966438,0.016677,0.002120,0.010374,0.006425,calls/second,milliseconds
1779969395,8,1.966438,0.313918,0.039091,0.642924,0.062507,0.077529,1.966438,1.966438,1.966438,1.966438,0.016642,0.001951,0.010203,0.006390,calls/second,milliseconds
1779969396,8,1.966438,0.313918,0.039091,0.642924,0.062507,0.077529,1.966438,1.966438,1.966438,1.966438,0.016608,0.001951,0.010203,0.006390,calls/second,milliseconds
1779969397,8,1.966438,0.313918,0.039091,0.642924,0.062507,0.077529,1.966438,1.966438,1.966438,1.966438,0.016573,0.001951,0.010203,0.006390,calls/second,milliseconds
1779969398,8,1.966438,0.313918,0.039091,0.642924,0.062507,0.077529,1.966438,1.966438,1.966438,1.966438,0.016539,0.001951,0.010203,0.006390,calls/second,milliseconds
1779969399,8,1.966438,0.313918,0.039091,0.642924,0.062507,0.077529,1.966438,1.966438,1.966438,1.966438,0.016505,0.001951,0.010203,0.006390,calls/second,milliseconds
1779969400,8,1.966438,0.313918,0.039091,0.642924,0.062507,0.077529,1.966438,1.966438,1.966438,1.966438,0.016471,0.001795,0.010034,0.006354,calls/second,milliseconds
1779969401,8,1.966438,0.313918,0.039091,0.642924,0.062507,0.077529,1.966438,1.966438,1.966438,1.966438,0.016437,0.001795,0.010034,0.006354,calls/second,milliseconds
1779969402,8,1.966438,0.313918,0.039091,0.642924,0.062507,0.077529,1.966438,1.966438,1.966438,1.966438,0.016403,0.001795,0.010034,0.006354,calls/second,milliseconds
1779969403,8,1.966438,0.313918,0.039091,0.642924,0.062507,0.077529,1.966438,1.966438,1.966438,1.966438,0.016369,0.001795,0.010034,0.006354,calls/second,milliseconds
1779969404,8,1.966438,0.313918,0.039091,0.642924,0.062507,0.077529,1.966438,1.966438,1.966438,1.966438,0.016336,0.001795,0.010034,0.006354,calls/second,milliseconds
1779969405,8,1.966438,0.313918,0.039091,0.642924,0.062507,0.077529,1.966438,1.966438,1.966438,1.966438,0.016303,0.001651,0.009868,0.006319,calls/second,milliseconds
1779969406,8,1.966438,0.313918,0.039091,0.642924,0.062507,0.077529,1.966438,1.966438,1.966438,1.966438,0.016269,0.001651,0.009868,0.006319,calls/second,milliseconds
1779969407,8,1.966438,0.313918,0.039091,0.642924,0.062507,0.077529,1.966438,1.966438,1.966438,1.966438,0.016236,0.001651,0.009868,0.006319,calls/second,milliseconds
1779969408,8,1.966438,0.313918,0.039091,0.642924,0.062507,0.077529,1.966438,1.966438,1.966438,1.966438,0.016203,0.001651,0.009868,0.006319,calls/second,milliseconds
1779969409,8,1.966438,0.313918,0.039091,0.642924,0.062507,0.077529,1.966438,1.966438,1.966438,1.966438,0.016171,0.001651,0.009868,0.006319,calls/second,milliseconds
1779969410,8,1.966438,0.313918,0.039091,0.642924,0.062507,0.077529,1.966438,1.966438,1.966438,1.966438,0.016138,0.001519,0.009705,0.006284,calls/second,milliseconds
1779969411,8,1.966438,0.313918,0.039091,0.642924,0.062507,0.077529,1.966438,1.966438,1.966438,1.966438,0.016105,0.001519,0.009705,0.006284,calls/second,milliseconds
1779969412,8,1.966438,0.313918,0.039091,0.642924,0.062507,0.077529,1.966438,1.966438,1.966438,1.966438,0.016073,0.001519,0.009705,0.006284,calls/second,milliseconds
1779969413,8,1.966438,0.313918,0.039091,0.642924,0.062507,0.077529,1.966438,1.966438,1.966438,1.966438,0.016041,0.001519,0.009705,0.006284,calls/second,milliseconds
1779969414,8,1.966438,0.313918,0.039091,0.642924,0.062507,0.077529,1.966438,1.966438,1.966438,1.966438,0.016009,0.001519,0.009705,0.006284,calls/second,milliseconds
1779969415,8,1.966438,0.313918,0.039091,0.642924,0.062507,0.077529,1.966438,1.966438,1.966438,1.966438,0.015977,0.001398,0.009545,0.006249,calls/second,milliseconds
1779969416,8,1.966438,0.313918,0.039091,0.642924,0.062507,0.077529,1.966438,1.966438,1.966438,1.966438,0.015945,0.001398,0.009545,0.006249,calls/second,milliseconds
1779969417,8,1.966438,0.313918,0.039091,0.642924,0.062507,0.077529,1.966438,1.966438,1.966438,1.966438,0.015913,0.001398,0.009545,0.006249,calls/second,milliseconds
1779969418,9,1.966438,0.092166,0.039091,0.223753,0.065628,0.065628,0.065628,0.077529,1.966438,1.966438,0.017867,0.001398,0.009545,0.006249,calls/second,milliseconds
1779969419,11,1.966438,0.077038,0.039091,0.134533,0.066754,0.070382,0.070382,0.070382,0.077529,1.966438,0.021794,0.001398,0.009545,0.006249,calls/second,milliseconds
1779969420,11,1.966438,0.077038,0.039091,0.134533,0.066754,0.070382,0.070382,0.070382,0.077529,1.966438,0.021750,0.049259,0.019304,0.009539,calls/second,milliseconds
1779969421,11,1.966438,0.077038,0.039091,0.134533,0.066754,0.070382,0.070382,0.070382,0.077529,1.966438,0.021707,0.049259,0.019304,0.009539,calls/second,milliseconds
1779969422,11,1.966438,0.077038,0.039091,0.134533,0.066754,0.070382,0.070382,0.070382,0.077529,1.966438,0.021665,0.049259,0.019304,0.009539,calls/second,milliseconds
1779969423,11,1.966438,0.077038,0.039091,0.134533,0.066754,0.070382,0.070382,0.070382,0.077529,1.966438,0.021622,0.049259,0.019304,0.009539,calls/second,milliseconds
1779969424,11,1.966438,0.077038,0.039091,0.134533,0.066754,0.070382,0.070382,0.070382,0.077529,1.966438,0.021579,0.049259,0.019304,0.009539,calls/second,milliseconds
1779969425,11,1.966438,0.077038,0.039091,0.134533,0.066754,0.070382,0.070382,0.070382,0.077529,1.966438,0.021537,0.045321,0.018985,0.009486,calls/second,milliseconds
1779969426,11,1.966438,0.077038,0.039091,0.134533,0.066754,0.070382,0.070382,0.070382,0.077529,1.966438,0.021495,0.045321,0.018985,0.009486,calls/second,milliseconds
1779969427,11,1.966438,0.077038,0.039091,0.134533,0.066754,0.070382,0.070382,0.070382,0.077529,1.966438,0.021453,0.045321,0.018985,0.009486,calls/second,milliseconds
1779969428,11,1.966438,0.077038,0.039091,0.134533,0.066754,0.070382,0.070382,0.070382,0.077529,1.966438,0.021411,0.045321,0.018985,0.009486,calls/second,milliseconds
1779969429,11,1.966438,0.077038,0.039091,0.134533,0.066754,0.070382,0.070382,0.070382,0.077529,1.966438,0.021370,0.045321,0.018985,0.009486,calls/second,milliseconds
1779969430,11,1.966438,0.077038,0.039091,0.134533,0.066754,0.070382,0.070382,0.070382,0.077529,1.966438,0.021328,0.041697,0.018671,0.009433,calls/second,milliseconds
1779969431,11,1.966438,0.077038,0.039091,0.134533,0.066754,0.070382,0.070382,0.070382,0.077529,1.966438,0.021287,0.041697,0.018671,0.009433,calls/second,milliseconds
1779969432,11,1.966438,0.077038,0.039091,0.134533,0.066754,0.070382,0.070382,0.070382,0.077529,1.966438,0.021246,0.041697,0.018671,0.009433,calls/second,milliseconds
1779969433,11,1.966438,0.077038,0.039091,0.134533,0.066754,0.070382,0.070382,0.070382,0.077529,1.966438,0.021205,0.041697,0.018671,0.009433,calls/second,milliseconds
1779969434,11,1.966438,0.077038,0.039091,0.134533,0.066754,0.070382,0.070382,0.070382,0.077529,1.966438,0.021164,0.041697,0.018671,0.009433,calls/second,milliseconds
1779969435,11,1.966438,0.077038,0.039091,0.134533,0.066754,0.070382,0.070382,0.070382,0.077529,1.966438,0.021123,0.038363,0.018363,0.009381,calls/second,milliseconds
1779969436,11,1.966438,0.077038,0.039091,0.134533,0.066754,0.070382,0.070382,0.070382,0.077529,1.966438,0.021082,0.038363,0.018363,0.009381,calls/second,milliseconds
1779969437,11,1.966438,0.077038,0.039091,0.134533,0.066754,0.070382,0.070382,0.070382,0.077529,1.966438,0.021042,0.038363,0.018363,0.009381,calls/second,milliseconds
1779969438,11,1.966438,0.077038,0.039091,0.134533,0.066754,0.070382,0.070382,0.070382,0.077529,1.966438,0.021002,0.038363,0.018363,0.009381,calls/second,milliseconds
1779969439,11,1.966438,0.077038,0.039091,0.134533,0.066754,0.070382,0.070382,0.070382,0.077529,1.966438,0.020962,0.038363,0.018363,0.009381,calls/second,milliseconds
1779969440,11,1.966438,0.077038,0.039091,0.134533,0.066754,0.070382,0.070382,0.070382,0.077529,1.966438,0.020922,0.035296,0.018059,0.009329,calls/second,milliseconds
1779969441,11,1.966438,0.077038,0.039091,0.134533,0.066754,0.070382,0.070382,0.070382,0.077529,1.966438,0.020882,0.035296,0.018059,0.009329,calls/second,milliseconds
1779969442,11,1.966438,0.077038,0.039091,0.134533,0.066754,0.070382,0.070382,0.070382,0.077529,1.966438,0.020842,0.035296,0.018059,0.009329,calls/second,milliseconds
1779969443,11,1.966438,0.077038,0.039091,0.134533,0.066754,0.070382,0.070382,0.070382,0.077529,1.966438,0.020803,0.035296,0.018059,0.009329,calls/second,milliseconds
1779969444,11,1.966438,0.077038,0.039091,0.134533,0.066754,0.070382,0.070382,0.070382,0.077529,1.966438,0.020763,0.035296,0.018059,0.009329,calls/second,milliseconds
1779969445,11,1.966438,0.077038,0.039091,0.134533,0.066754,0.070382,0.070382,0.070382,0.077529,1.966438,0.020724,0.032474,0.017761,0.009277,calls/second,milliseconds
1779969446,11,1.966438,0.077038,0.039091,0.134533,0.066754,0.070382,0.070382,0.070382,0.077529,1.966438,0.020685,0.032474,0.017761,0.009277,calls/second,milliseconds
1779969447,11,1.966438,0.077038,0.039091,0.134533,0.066754,0.070382,0.070382,0.070382,0.077529,1.966438,0.020646,0.032474,0.017761,0.009277,calls/second,milliseconds
1779969448,11,1.966438,0.077038,0.039091,0.134533,0.066754,0.070382,0.070382,0.070382,0.077529,1.966438,0.020608,0.032474,0.017761,0.009277,calls/second,milliseconds
1779969449,11,1.966438,0.077038,0.039091,0.134533,0.066754,0.070382,0.070382,0.070382,0.077529,1.966438,0.020569,0.032474,0.017761,0.009277,calls/second,milliseconds
1779969450,11,1.966438,0.077038,0.039091,0.134533,0.066754,0.070382,0.070382,0.070382,0.077529,1.966438,0.020531,0.029877,0.017467,0.009226,calls/second,milliseconds
1779969451,11,1.966438,0.077038,0.039091,0.134533,0.066754,0.070382,0.070382,0.070382,0.077529,1.966438,0.020492,0.029877,0.017467,0.009226,calls/second,milliseconds
1779969452,11,1.966438,0.077038,0.039091,0.134533,0.066754,0.070382,0.070382,0.070382,0.077529,1.966438,0.020454,0.029877,0.017467,0.009226,calls/second,milliseconds
1779969453,11,1.966438,0.077038,0.039091,0.134533,0.066754,0.070382,0.070382,0.070382,0.077529,1.966438,0.020416,0.029877,0.017467,0.009226,calls/second,milliseconds
1779969454,11,1.966438,0.077038,0.039091,0.134533,0.066754,0.070382,0.070382,0.070382,0.077529,1.966438,0.020378,0.029877,0.017467,0.009226,calls/second,milliseconds
1779969455,11,1.966438,0.077038,0.039091,0.134533,0.066754,0.070382,0.070382,0.070382,0.077529,1.966438,0.020341,0.027488,0.017178,0.009175,calls/second,milliseconds
1779969456,11,1.966438,0.077038,0.039091,0.134533,0.066754,0.070382,0.070382,0.070382,0.077529,1.966438,0.020303,0.027488,0.017178,0.009175,calls/second,milliseconds
1779969457,11,1.966438,0.077038,0.039091,0.134533,0.066754,0.070382,0.070382,0.070382,0.077529,1.966438,0.020265,0.027488,0.017178,0.009175,calls/second,milliseconds
1779969458,11,1.966438,0.077038,0.039091,0.134533,0.066754,0.070382,0.070382,0.070382,0.077529,1.966438,0.020228,0.027488,0.017178,0.009175,calls/second,milliseconds
1779969459,11,1.966438,0.077038,0.039091,0.134533,0.066754,0.070382,0.070382,0.070382,0.077529,1.966438,0.020191,0.027488,0.017178,0.009175,calls/second,milliseconds
1779969460,11,1.966438,0.077038,0.039091,0.134533,0.066754,0.070382,0.070382,0.070382,0.077529,1.966438,0.020154,0.025291,0.016895,0.009124,calls/second,milliseconds
1779969461,11,1.966438,0.077038,0.039091,0.134533,0.066754,0.070382,0.070382,0.070382,0.077529,1.966438,0.020117,0.025291,0.016895,0.009124,calls/second,milliseconds
1779969462,11,1.966438,0.077038,0.039091,0.134533,0.066754,0.070382,0.070382,0.070382,0.077529,1.966438,0.020080,0.025291,0.016895,0.009124,calls/second,milliseconds
1779969463,11,1.966438,0.077038,0.039091,0.134533,0.066754,0.070382,0.070382,0.070382,0.077529,1.966438,0.020044,0.025291,0.016895,0.009124,calls/second,milliseconds
1779969464,11,1.966438,0.077038,0.039091,0.134533,0.066754,0.070382,0.070382,0.070382,0.077529,1.966438,0.020007,0.025291,0.016895,0.009124,calls/second,milliseconds
1779969465,11,1.966438,0.077038,0.039091,0.134533,0.066754,0.070382,0.070382,0.070382,0.077529,1.966438,0.019971,0.023268,0.016615,0.009073,calls/second,milliseconds
1779969466,11,1.966438,0.077038,0.039091,0.134533,0.066754,0.070382,0.070382,0.070382,0.077529,1.966438,0.019934,0.023268,0.016615,0.009073,calls/second,milliseconds
1779969467,11,1.966438,0.077038,0.039091,0.134533,0.066754,0.070382,0.070382,0.070382,0.077529,1.966438,0.019898,0.023268,0.016615,0.009073,calls/second,milliseconds
1779969468,11,1.966438,0.077038,0.039091,0.134533,0.066754,0.070382,0.070382,0.070382,0.077529,1.966438,0.019862,0.023268,0.016615,0.009073,calls/second,milliseconds
1779969469,11,1.966438,0.077038,0.039091,0.134533,0.066754,0.070382,0.070382,0.070382,0.077529,1.966438,0.019827,0.023268,0.016615,0.009073,calls/second,milliseconds
1779969470,11,1.966438,0.077038,0.039091,0.134533,0.066754,0.070382,0.070382,0.070382,0.077529,1.966438,0.019791,0.021408,0.016341,0.009023,calls/second,milliseconds
1779969471,11,1.966438,0.077038,0.039091,0.134533,0.066754,0.070382,0.070382,0.070382,0.077529,1.966438,0.019755,0.021408,0.016341,0.009023,calls/second,milliseconds
1779969472,11,1.966438,0.077038,0.039091,0.134533,0.066754,0.070382,0.070382,0.070382,0.077529,1.966438,0.019720,0.021408,0.016341,0.009023,calls/second,milliseconds
1779969473,11,1.966438,0.077038,0.039091,0.134533,0.066754,0.070382,0.070382,0.070382,0.077529,1.966438,0.019684,0.021408,0.016341,0.009023,calls/second,milliseconds
1779969474,11,1.966438,0.077038,0.039091,0.134533,0.066754,0.070382,0.070382,0.070382,0.077529,1.966438,0.019649,0.021408,0.016341,0.009023,calls/second,milliseconds
1779969475,11,1.966438,0.077038,0.039091,0.134533,0.066754,0.070382,0.070382,0.070382,0.077529,1.966438,0.019614,0.019696,0.016071,0.008973,calls/second,milliseconds
1779969476,11,1.966438,0.077038,0.039091,0.134533,0.066754,0.070382,0.070382,0.070382,0.077529,1.966438,0.019579,0.019696,0.016071,0.008973,calls/second,milliseconds
1779969477,11,1.966438,0.077038,0.039091,0.134533,0.066754,0.070382,0.070382,0.070382,0.077529,1.966438,0.019544,0.019696,0.016071,0.008973,calls/second,milliseconds
1779969478,11,1.966438,0.077038,0.039091,0.134533,0.066754,0.070382,0.070382,0.070382,0.077529,1.966438,0.019510,0.019696,0.016071,0.008973,calls/second,milliseconds
1779969479,11,1.966438,0.077038,0.039091,0.134533,0.066754,0.070382,0.070382,0.070382,0.077529,1.966438,0.019475,0.019696,0.016071,0.008973,calls/second,milliseconds
1779969480,11,1.966438,0.077038,0.039091,0.134533,0.066754,0.070382,0.070382,0.070382,0.077529,1.966438,0.019441,0.018121,0.015805,0.008924,calls/second,milliseconds
1779969481,11,1.966438,0.077038,0.039091,0.134533,0.066754,0.070382,0.070382,0.070382,0.077529,1.966438,0.019406,0.018121,0.015805,0.008924,calls/second,milliseconds
1779969482,11,1.966438,0.077038,0.039091,0.134533,0.066754,0.070382,0.070382,0.070382,0.077529,1.966438,0.019372,0.018121,0.015805,0.008924,calls/second,milliseconds
1779969483,11,1.966438,0.077038,0.039091,0.134533,0.066754,0.070382,0.070382,0.070382,0.077529,1.966438,0.019338,0.018121,0.015805,0.008924,calls/second,milliseconds
1779969484,11,1.966438,0.077038,0.039091,0.134533,0.066754,0.070382,0.070382,0.070382,0.077529,1.966438,0.019304,0.018121,0.015805,0.008924,calls/second,milliseconds
1779969485,11,1.966438,0.077038,0.039091,0.134533,0.066754,0.070382,0.070382,0.070382,0.077529,1.966438,0.019270,0.016673,0.015544,0.008874,calls/second,milliseconds
1779969486,11,1.966438,0.077038,0.039091,0.134533,0.066754,0.070382,0.070382,0.070382,0.077529,1.966438,0.019236,0.016673,0.015544,0.008874,calls/second,milliseconds
1779969487,11,1.966438,0.077038,0.039091,0.134533,0.066754,0.070382,0.070382,0.070382,0.077529,1.966438,0.019203,0.016673,0.015544,0.008874,calls/second,milliseconds
1779969488,11,1.966438,0.077038,0.039091,0.134533,0.066754,0.070382,0.070382,0.070382,0.077529,1.966438,0.019169,0.016673,0.015544,0.008874,calls/second,milliseconds
1779969489,11,1.966438,0.077038,0.039091,0.134533,0.066754,0.070382,0.070382,0.070382,0.077529,1.966438,0.019136,0.016673,0.015544,0.008874,calls/second,milliseconds
1779969490,11,1.966438,0.077038,0.039091,0.134533,0.066754,0.070382,0.070382,0.070382,0.077529,1.966438,0.019102,0.015339,0.015287,0.008825,calls/second,milliseconds
1779969491,11,1.966438,0.077038,0.039091,0.134533,0.066754,0.070382,0.070382,0.070382,0.077529,1.966438,0.019069,0.015339,0.015287,0.008825,calls/second,milliseconds
1779969492,11,1.966438,0.077038,0.039091,0.134533,0.066754,0.070382,0.070382,0.070382,0.077529,1.966438,0.019036,0.015339,0.015287,0.008825,calls/second,milliseconds
1779969493,11,1.966438,0.077038,0.039091,0.134533,0.066754,0.070382,0.070382,0.070382,0.077529,1.966438,0.019003,0.015339,0.015287,0.008825,calls/second,milliseconds
1779969494,11,1.966438,0.077038,0.039091,0.134533,0.066754,0.070382,0.070382,0.070382,0.077529,1.966438,0.018971,0.015339,0.015287,0.008825,calls/second,milliseconds
1779969495,11,1.966438,0.077038,0.039091,0.134533,0.066754,0.070382,0.070382,0.070382,0.077529,1.966438,0.018938,0.014113,0.015034,0.008776,calls/second,milliseconds
1779969496,11,1.966438,0.077038,0.039091,0.134533,0.066754,0.070382,0.070382,0.070382,0.077529,1.966438,0.018905,0.014113,0.015034,0.008776,calls/second,milliseconds
1779969497,11,1.966438,0.077038,0.039091,0.134533,0.066754,0.070382,0.070382,0.070382,0.077529,1.966438,0.018873,0.014113,0.015034,0.008776,calls/second,milliseconds
1779969498,11,1.966438,0.077038,0.039091,0.134533,0.066754,0.070382,0.070382,0.070382,0.077529,1.966438,0.018840,0.014113,0.015034,0.008776,calls/second,milliseconds
1779969499,11,1.966438,0.077038,0.039091,0.134533,0.066754,0.070382,0.070382,0.070382,0.077529,1.966438,0.018808,0.014113,0.015034,0.008776,calls/second,milliseconds
1779969500,11,1.966438,0.077038,0.039091,0.134533,0.066754,0.070382,0.070382,0.070382,0.077529,1.966438,0.018776,0.012985,0.014786,0.008727,calls/second,milliseconds
1779969501,11,1.966438,0.077038,0.039091,0.134533,0.066754,0.070382,0.070382,0.070382,0.077529,1.966438,0.018744,0.012985,0.014786,0.008727,calls/second,milliseconds
1779969502,11,1.966438,0.077038,0.039091,0.134533,0.066754,0.070382,0.070382,0.070382,0.077529,1.966438,0.018712,0.012985,0.014786,0.008727,calls/second,milliseconds
1779969503,11,1.966438,0.077038,0.039091,0.134533,0.066754,0.070382,0.070382,0.070382,0.077529,1.966438,0.018680,0.012985,0.014786,0.008727,calls/second,milliseconds
1779969504,11,1.966438,0.077038,0.039091,0.134533,0.066754,0.070382,0.070382,0.070382,0.077529,1.966438,0.018648,0.012985,0.014786,0.008727,calls/second,milliseconds
1779969505,11,1.966438,0.077038,0.039091,0.134533,0.066754,0.070382,0.070382,0.070382,0.077529,1.966438,0.018617,0.011946,0.014541,0.008679,calls/second,milliseconds
1779969506,11,1.966438,0.077038,0.039091,0.134533,0.066754,0.070382,0.070382,0.070382,0.077529,1.966438,0.018585,0.011946,0.014541,0.008679,calls/second,milliseconds
1779969507,11,1.966438,0.077038,0.039091,0.134533,0.066754,0.070382,0.070382,0.070382,0.077529,1.966438,0.018554,0.011946,0.014541,0.008679,calls/second,milliseconds
1779969508,11,1.966438,0.077038,0.039091,0.134533,0.066754,0.070382,0.070382,0.070382,0.077529,1.966438,0.018523,0.011946,0.014541,0.008679,calls/second,milliseconds
1779969509,11,1.966438,0.077038,0.039091,0.134533,0.066754,0.070382,0.070382,0.070382,0.077529,1.966438,0.018491,0.011946,0.014541,0.008679,calls/second,milliseconds
1779969510,11,1.966438,0.077038,0.039091,0.134533,0.066754,0.070382,0.070382,0.070382,0.077529,1.966438,0.018460,0.010991,0.014301,0.008631,calls/second,milliseconds
1779969511,11,1.966438,0.077038,0.039091,0.134533,0.066754,0.070382,0.070382,0.070382,0.077529,1.966438,0.018429,0.010991,0.014301,0.008631,calls/second,milliseconds
1779969512,11,1.966438,0.077038,0.039091,0.134533,0.066754,0.070382,0.070382,0.070382,0.077529,1.966438,0.018399,0.010991,0.014301,0.008631,calls/second,milliseconds
1779969513,11,1.966438,0.077038,0.039091,0.134533,0.066754,0.070382,0.070382,0.070382,0.077529,1.966438,0.018368,0.010991,0.014301,0.008631,calls/second,milliseconds
1779969514,11,1.966438,0.077038,0.039091,0.134533,0.066754,0.070382,0.070382,0.070382,0.077529,1.966438,0.018337,0.010991,0.014301,0.008631,calls/second,milliseconds
1779969515,11,1.966438,0.077038,0.039091,0.134533,0.066754,0.070382,0.070382,0.070382,0.077529,1.966438,0.018307,0.010112,0.014065,0.008583,calls/second,milliseconds
1779969516,11,1.966438,0.077038,0.039091,0.134533,0.066754,0.070382,0.070382,0.070382,0.077529,1.966438,0.018276,0.010112,0.014065,0.008583,calls/second,milliseconds
1779969517,11,1.966438,0.077038,0.039091,0.134533,0.066754,0.070382,0.070382,0.070382,0.077529,1.966438,0.018246,0.010112,0.014065,0.008583,calls/second,milliseconds
1779969518,11,1.966438,0.077038,0.039091,0.134533,0.066754,0.070382,0.070382,0.070382,0.077529,1.966438,0.018215,0.010112,0.014065,0.008583,calls/second,milliseconds
1779969519,11,1.966438,0.077038,0.039091,0.134533,0.066754,0.070382,0.070382,0.070382,0.077529,1.966438,0.018185,0.010112,0.014065,0.008583,calls/second,milliseconds
1779969520,11,1.966438,0.077038,0.039091,0.134533,0.066754,0.070382,0.070382,0.070382,0.077529,1.966438,0.018155,0.009304,0.013832,0.008536,calls/second,milliseconds
1779969521,11,1.966438,0.077038,0.039091,0.134533,0.066754,0.070382,0.070382,0.070382,0.077529,1.966438,0.018125,0.009304,0.013832,0.008536,calls/second,milliseconds
1779969522,11,1.966438,0.077038,0.039091,0.134533,0.066754,0.070382,0.070382,0.070382,0.077529,1.966438,0.018095,0.009304,0.013832,0.008536,calls/second,milliseconds
1779969523,11,1.966438,0.077038,0.039091,0.134533,0.066754,0.070382,0.070382,0.070382,0.077529,1.966438,0.018066,0.009304,0.013832,0.008536,calls/second,milliseconds
1779969524,11,1.966438,0.077038,0.039091,0.134533,0.066754,0.070382,0.070382,0.070382,0.077529,1.966438,0.018036,0.009304,0.013832,0.008536,calls/second,milliseconds
1779969525,11,1.966438,0.077038,0.039091,0.134533,0.066754,0.070382,0.070382,0.070382,0.077529,1.966438,0.018006,0.008560,0.013603,0.008488,calls/second,milliseconds
1779969526,11,1.966438,0.077038,0.039091,0.134533,0.066754,0.070382,0.070382,0.070382,0.077529,1.966438,0.017977,0.008560,0.013603,0.008488,calls/second,milliseconds
1779969527,11,1.966438,0.077038,0.039091,0.134533,0.066754,0.070382,0.070382,0.070382,0.077529,1.966438,0.017948,0.008560,0.013603,0.008488,calls/second,milliseconds
1779969528,11,1.966438,0.077038,0.039091,0.134533,0.066754,0.070382,0.070382,0.070382,0.077529,1.966438,0.017918,0.008560,0.013603,0.008488,calls/second,milliseconds
1779969529,11,1.966438,0.077038,0.039091,0.134533,0.066754,0.070382,0.070382,0.070382,0.077529,1.966438,0.017889,0.008560,0.013603,0.008488,calls/second,milliseconds
1779969530,11,1.966438,0.077038,0.039091,0.134533,0.066754,0.070382,0.070382,0.070382,0.077529,1.966438,0.017860,0.007876,0.013379,0.008441,calls/second,milliseconds
1779969531,11,1.966438,0.077038,0.039091,0.134533,0.066754,0.070382,0.070382,0.070382,0.077529,1.966438,0.017831,0.007876,0.013379,0.008441,calls/second,milliseconds
1779969532,11,1.966438,0.077038,0.039091,0.134533,0.066754,0.070382,0.070382,0.070382,0.077529,1.966438,0.017802,0.007876,0.013379,0.008441,calls/second,milliseconds
1779969533,11,1.966438,0.077038,0.039091,0.134533,0.066754,0.070382,0.070382,0.070382,0.077529,1.966438,0.017773,0.007876,0.013379,0.008441,calls/second,milliseconds
1779969534,11,1.966438,0.077038,0.039091,0.134533,0.066754,0.070382,0.070382,0.070382,0.077529,1.966438,0.017745,0.007876,0.013379,0.008441,calls/second,milliseconds
1779969535,11,1.966438,0.077038,0.039091,0.134533,0.066754,0.070382,0.070382,0.070382,0.077529,1.966438,0.017716,0.007246,0.013157,0.008395,calls/second,milliseconds
1779969536,11,1.966438,0.077038,0.039091,0.134533,0.066754,0.070382,0.070382,0.070382,0.077529,1.966438,0.017687,0.007246,0.013157,0.008395,calls/second,milliseconds
1779969537,11,1.966438,0.077038,0.039091,0.134533,0.066754,0.070382,0.070382,0.070382,0.077529,1.966438,0.017659,0.007246,0.013157,0.008395,calls/second,milliseconds
1779969538,11,1.966438,0.077038,0.039091,0.134533,0.066754,0.070382,0.070382,0.070382,0.077529,1.966438,0.017631,0.007246,0.013157,0.008395,calls/second,milliseconds
1779969539,11,1.966438,0.077038,0.039091,0.134533,0.066754,0.070382,0.070382,0.070382,0.077529,1.966438,0.017602,0.007246,0.013157,0.008395,calls/second,milliseconds
1779969540,11,1.966438,0.077038,0.039091,0.134533,0.066754,0.070382,0.070382,0.070382,0.077529,1.966438,0.017574,0.006667,0.012940,0.008348,calls/second,milliseconds
1779969541,11,1.966438,0.077038,0.039091,0.134533,0.066754,0.070382,0.070382,0.070382,0.077529,1.966438,0.017546,0.006667,0.012940,0.008348,calls/second,milliseconds
1779969542,11,1.966438,0.077038,0.039091,0.134533,0.066754,0.070382,0.070382,0.070382,0.077529,1.966438,0.017518,0.006667,0.012940,0.008348,calls/second,milliseconds
1779969543,11,1.966438,0.077038,0.039091,0.134533,0.066754,0.070382,0.070382,0.070382,0.077529,1.966438,0.017490,0.006667,0.012940,0.008348,calls/second,milliseconds
1779969544,11,1.966438,0.077038,0.039091,0.134533,0.066754,0.070382,0.070382,0.070382,0.077529,1.966438,0.017463,0.006667,0.012940,0.008348,calls/second,milliseconds
1779969545,11,1.966438,0.077038,0.039091,0.134533,0.066754,0.070382,0.070382,0.070382,0.077529,1.966438,0.017435,0.006133,0.012726,0.008302,calls/second,milliseconds
1779969546,11,1.966438,0.077038,0.039091,0.134533,0.066754,0.070382,0.070382,0.070382,0.077529,1.966438,0.017407,0.006133,0.012726,0.008302,calls/second,milliseconds
1779969547,11,1.966438,0.077038,0.039091,0.134533,0.066754,0.070382,0.070382,0.070382,0.077529,1.966438,0.017380,0.006133,0.012726,0.008302,calls/second,milliseconds
1779969548,11,1.966438,0.077038,0.039091,0.134533,0.066754,0.070382,0.070382,0.070382,0.077529,1.966438,0.017352,0.006133,0.012726,0.008302,calls/second,milliseconds
1779969549,11,1.966438,0.077038,0.039091,0.134533,0.066754,0.070382,0.070382,0.070382,0.077529,1.966438,0.017325,0.006133,0.012726,0.008302,calls/second,milliseconds
1779969550,11,1.966438,0.077038,0.039091,0.134533,0.066754,0.070382,0.070382,0.070382,0.077529,1.966438,0.017298,0.005643,0.012516,0.008256,calls/second,milliseconds
1779969551,11,1.966438,0.077038,0.039091,0.134533,0.066754,0.070382,0.070382,0.070382,0.077529,1.966438,0.017270,0.005643,0.012516,0.008256,calls/second,milliseconds
1779969552,11,1.966438,0.077038,0.039091,0.134533,0.066754,0.070382,0.070382,0.070382,0.077529,1.966438,0.017243,0.005643,0.012516,0.008256,calls/second,milliseconds
1779969553,11,1.966438,0.077038,0.039091,0.134533,0.066754,0.070382,0.070382,0.070382,0.077529,1.966438,0.017216,0.005643,0.012516,0.008256,calls/second,milliseconds
1779969554,11,1.966438,0.077038,0.039091,0.134533,0.066754,0.070382,0.070382,0.070382,0.077529,1.966438,0.017189,0.005643,0.012516,0.008256,calls/second,milliseconds
1779969555,11,1.966438,0.077038,0.039091,0.134533,0.066754,0.070382,0.070382,0.070382,0.077529,1.966438,0.017162,0.005192,0.012309,0.008210,calls/second,milliseconds
1779969556,11,1.966438,0.077038,0.039091,0.134533,0.066754,0.070382,0.070382,0.070382,0.077529,1.966438,0.017136,0.005192,0.012309,0.008210,calls/second,milliseconds
1779969557,11,1.966438,0.077038,0.039091,0.134533,0.066754,0.070382,0.070382,0.070382,0.077529,1.966438,0.017109,0.005192,0.012309,0.008210,calls/second,milliseconds
1779969558,11,1.966438,0.077038,0.039091,0.134533,0.066754,0.070382,0.070382,0.070382,0.077529,1.966438,0.017082,0.005192,0.012309,0.008210,calls/second,milliseconds
1779969559,11,1.966438,0.077038,0.039091,0.134533,0.066754,0.070382,0.070382,0.070382,0.077529,1.966438,0.017056,0.005192,0.012309,0.008210,calls/second,milliseconds
1779969560,11,1.966438,0.077038,0.039091,0.134533,0.066754,0.070382,0.070382,0.070382,0.077529,1.966438,0.017029,0.004777,0.012105,0.008165,calls/second,milliseconds
1779969561,11,1.966438,0.077038,0.039091,0.134533,0.066754,0.070382,0.070382,0.070382,0.077529,1.966438,0.017003,0.004777,0.012105,0.008165,calls/second,milliseconds
1779969562,11,1.966438,0.077038,0.039091,0.134533,0.066754,0.070382,0.070382,0.070382,0.077529,1.966438,0.016977,0.004777,0.012105,0.008165,calls/second,milliseconds
1779969563,11,1.966438,0.077038,0.039091,0.134533,0.066754,0.070382,0.070382,0.070382,0.077529,1.966438,0.016950,0.004777,0.012105,0.008165,calls/second,milliseconds
1779969564,11,1.966438,0.077038,0.039091,0.134533,0.066754,0.070382,0.070382,0.070382,0.077529,1.966438,0.016924,0.004777,0.012105,0.008165,calls/second,milliseconds
1779969565,11,1.966438,0.077038,0.039091,0.134533,0.066754,0.070382,0.070382,0.070382,0.077529,1.966438,0.016898,0.004395,0.011905,0.008119,calls/second,milliseconds
1779969566,11,1.966438,0.077038,0.039091,0.134533,0.066754,0.070382,0.070382,0.070382,0.077529,1.966438,0.016872,0.004395,0.011905,0.008119,calls/second,milliseconds
1779969567,11,1.966438,0.077038,0.039091,0.134533,0.066754,0.070382,0.070382,0.070382,0.077529,1.966438,0.016846,0.004395,0.011905,0.008119,calls/second,milliseconds
1779969568,11,1.966438,0.077038,0.039091,0.134533,0.066754,0.070382,0.070382,0.070382,0.077529,1.966438,0.016821,0.004395,0.011905,0.008119,calls/second,milliseconds
1779969569,11,1.966438,0.077038,0.039091,0.134533,0.066754,0.070382,0.070382,0.070382,0.077529,1.966438,0.016795,0.004395,0.011905,0.008119,calls/second,milliseconds
1779969570,11,1.966438,0.077038,0.039091,0.134533,0.066754,0.070382,0.070382,0.070382,0.077529,1.966438,0.016769,0.004043,0.011709,0.008074,calls/second,milliseconds
1779969571,11,1.966438,0.077038,0.039091,0.134533,0.066754,0.070382,0.070382,0.070382,0.077529,1.966438,0.016744,0.004043,0.011709,0.008074,calls/second,milliseconds
1779969572,11,1.966438,0.077038,0.039091,0.134533,0.066754,0.070382,0.070382,0.070382,0.077529,1.966438,0.016718,0.004043,0.011709,0.008074,calls/second,milliseconds
1779969573,11,1.966438,0.077038,0.039091,0.134533,0.066754,0.070382,0.070382,0.070382,0.077529,1.966438,0.016693,0.004043,0.011709,0.008074,calls/second,milliseconds
1779969574,11,1.966438,0.077038,0.039091,0.134533,0.066754,0.070382,0.070382,0.070382,0.077529,1.966438,0.016667,0.004043,0.011709,0.008074,calls/second,milliseconds
1779969575,11,1.966438,0.077038,0.039091,0.134533,0.066754,0.070382,0.070382,0.070382,0.077529,1.966438,0.016642,0.003720,0.011515,0.008030,calls/second,milliseconds
1779969576,11,1.966438,0.077038,0.039091,0.134533,0.066754,0.070382,0.070382,0.070382,0.077529,1.966438,0.016617,0.003720,0.011515,0.008030,calls/second,milliseconds
1779969577,11,1.966438,0.077038,0.039091,0.134533,0.066754,0.070382,0.070382,0.070382,0.077529,1.966438,0.016592,0.003720,0.011515,0.008030,calls/second,milliseconds
1779969578,11,1.966438,0.077038,0.039091,0.134533,0.066754,0.070382,0.070382,0.070382,0.077529,1.966438,0.016567,0.003720,0.011515,0.008030,calls/second,milliseconds
1779969579,11,1.966438,0.077038,0.039091,0.134533,0.066754,0.070382,0.070382,0.070382,0.077529,1.966438,0.016542,0.003720,0.011515,0.008030,calls/second,milliseconds
1779969580,11,1.966438,0.077038,0.039091,0.134533,0.066754,0.070382,0.070382,0.070382,0.077529,1.966438,0.016517,0.003423,0.011325,0.007985,calls/second,milliseconds
1779969581,11,1.966438,0.077038,0.039091,0.134533,0.066754,0.070382,0.070382,0.070382,0.077529,1.966438,0.016492,0.003423,0.011325,0.007985,calls/second,milliseconds
1779969582,11,1.966438,0.077038,0.039091,0.134533,0.066754,0.070382,0.070382,0.070382,0.077529,1.966438,0.016468,0.003423,0.011325,0.007985,calls/second,milliseconds
1779969583,11,1.966438,0.077038,0.039091,0.134533,0.066754,0.070382,0.070382,0.070382,0.077529,1.966438,0.016443,0.003423,0.011325,0.007985,calls/second,milliseconds
1779969584,11,1.966438,0.077038,0.039091,0.134533,0.066754,0.070382,0.070382,0.070382,0.077529,1.966438,0.016418,0.003423,0.011325,0.007985,calls/second,milliseconds
1779969585,11,1.966438,0.077038,0.039091,0.134533,0.066754,0.070382,0.070382,0.070382,0.077529,1.966438,0.016394,0.003149,0.011138,0.007941,calls/second,milliseconds
1779969586,11,1.966438,0.077038,0.039091,0.134533,0.066754,0.070382,0.070382,0.070382,0.077529,1.966438,0.016369,0.003149,0.011138,0.007941,calls/second,milliseconds
1779969587,11,1.966438,0.077038,0.039091,0.134533,0.066754,0.070382,0.070382,0.070382,0.077529,1.966438,0.016345,0.003149,0.011138,0.007941,calls/second,milliseconds
1779969588,11,1.966438,0.077038,0.039091,0.134533,0.066754,0.070382,0.070382,0.070382,0.077529,1.966438,0.016321,0.003149,0.011138,0.007941,calls/second,milliseconds
1779969589,11,1.966438,0.077038,0.039091,0.134533,0.066754,0.070382,0.070382,0.070382,0.077529,1.966438,0.016297,0.003149,0.011138,0.007941,calls/second,milliseconds
1779969590,11,1.966438,0.077038,0.039091,0.134533,0.066754,0.070382,0.070382,0.070382,0.077529,1.966438,0.016272,0.002897,0.010953,0.007897,calls/second,milliseconds
1779969591,11,1.966438,0.077038,0.039091,0.134533,0.066754,0.070382,0.070382,0.070382,0.077529,1.966438,0.016248,0.002897,0.010953,0.007897,calls/second,milliseconds
1779969592,11,1.966438,0.077038,0.039091,0.134533,0.066754,0.070382,0.070382,0.070382,0.077529,1.966438,0.016224,0.002897,0.010953,0.007897,calls/second,milliseconds
1779969593,11,1.966438,0.077038,0.039091,0.134533,0.066754,0.070382,0.070382,0.070382,0.077529,1.966438,0.016200,0.002897,0.010953,0.007897,calls/second,milliseconds
1779969594,11,1.966438,0.077038,0.039091,0.134533,0.066754,0.070382,0.070382,0.070382,0.077529,1.966438,0.016177,0.002897,0.010953,0.007897,calls/second,milliseconds
1779969595,11,1.966438,0.077038,0.039091,0.134533,0.066754,0.070382,0.070382,0.070382,0.077529,1.966438,0.016153,0.002666,0.010772,0.007853,calls/second,milliseconds
1779969596,11,1.966438,0.077038,0.039091,0.134533,0.066754,0.070382,0.070382,0.070382,0.077529,1.966438,0.016129,0.002666,0.010772,0.007853,calls/second,milliseconds
1779969597,11,1.966438,0.077038,0.039091,0.134533,0.066754,0.070382,0.070382,0.070382,0.077529,1.966438,0.016105,0.002666,0.010772,0.007853,calls/second,milliseconds
1779969598,11,1.966438,0.077038,0.039091,0.134533,0.066754,0.070382,0.070382,0.070382,0.077529,1.966438,0.016082,0.002666,0.010772,0.007853,calls/second,milliseconds
1779969599,11,1.966438,0.077038,0.039091,0.134533,0.066754,0.070382,0.070382,0.070382,0.077529,1.966438,0.016058,0.002452,0.010594,0.007810,calls/second,milliseconds
1779969600,11,1.966438,0.077038,0.039091,0.134533,0.066754,0.070382,0.070382,0.070382,0.077529,1.966438,0.016035,0.002452,0.010594,0.007810,calls/second,milliseconds
1779969601,11,1.966438,0.077038,0.039091,0.134533,0.066754,0.070382,0.070382,0.070382,0.077529,1.966438,0.016012,0.002452,0.010594,0.007810,calls/second,milliseconds
1779969602,11,1.966438,0.077038,0.039091,0.134533,0.066754,0.070382,0.070382,0.070382,0.077529,1.966438,0.015988,0.002452,0.010594,0.007810,calls/second,milliseconds
1779969603,11,1.966438,0.077038,0.039091,0.134533,0.066754,0.070382,0.070382,0.070382,0.077529,1.966438,0.015965,0.002452,0.010594,0.007810,calls/second,milliseconds
1779969604,11,1.966438,0.077038,0.039091,0.134533,0.066754,0.070382,0.070382,0.070382,0.077529,1.966438,0.015942,0.002256,0.010419,0.007766,calls/second,milliseconds
1779969605,11,1.966438,0.077038,0.039091,0.134533,0.066754,0.070382,0.070382,0.070382,0.077529,1.966438,0.015919,0.002256,0.010419,0.007766,calls/second,milliseconds
1779969606,11,1.966438,0.077038,0.039091,0.134533,0.066754,0.070382,0.070382,0.070382,0.077529,1.966438,0.015896,0.002256,0.010419,0.007766,calls/second,milliseconds
1779969607,11,1.966438,0.077038,0.039091,0.134533,0.066754,0.070382,0.070382,0.070382,0.077529,1.966438,0.015873,0.002256,0.010419,0.007766,calls/second,milliseconds
1779969608,11,1.966438,0.077038,0.039091,0.134533,0.066754,0.070382,0.070382,0.070382,0.077529,1.966438,0.015850,0.002256,0.010419,0.007766,calls/second,milliseconds
1779969609,11,1.966438,0.077038,0.039091,0.134533,0.066754,0.070382,0.070382,0.070382,0.077529,1.966438,0.015827,0.002076,0.010247,0.007723,calls/second,milliseconds
1779969610,11,1.966438,0.077038,0.039091,0.134533,0.066754,0.070382,0.070382,0.070382,0.077529,1.966438,0.015804,0.002076,0.010247,0.007723,calls/second,milliseconds
1779969611,11,1.966438,0.077038,0.039091,0.134533,0.066754,0.070382,0.070382,0.070382,0.077529,1.966438,0.015781,0.002076,0.010247,0.007723,calls/second,milliseconds
1779969612,11,1.966438,0.077038,0.039091,0.134533,0.066754,0.070382,0.070382,0.070382,0.077529,1.966438,0.015759,0.002076,0.010247,0.007723,calls/second,milliseconds
1779969613,11,1.966438,0.077038,0.039091,0.134533,0.066754,0.070382,0.070382,0.070382,0.077529,1.966438,0.015736,0.002076,0.010247,0.007723,calls/second,milliseconds
1779969614,11,1.966438,0.077038,0.039091,0.134533,0.066754,0.070382,0.070382,0.070382,0.077529,1.966438,0.015714,0.001910,0.010078,0.007681,calls/second,milliseconds
1779969615,11,1.966438,0.077038,0.039091,0.134533,0.066754,0.070382,0.070382,0.070382,0.077529,1.966438,0.015691,0.001910,0.010078,0.007681,calls/second,milliseconds
1779969616,11,1.966438,0.077038,0.039091,0.134533,0.066754,0.070382,0.070382,0.070382,0.077529,1.966438,0.015669,0.001910,0.010078,0.007681,calls/second,milliseconds
1779969617,11,1.966438,0.077038,0.039091,0.134533,0.066754,0.070382,0.070382,0.070382,0.077529,1.966438,0.015647,0.001910,0.010078,0.007681,calls/second,milliseconds
1779969618,11,1.966438,0.077038,0.039091,0.134533,0.066754,0.070382,0.070382,0.070382,0.077529,1.966438,0.015624,0.001910,0.010078,0.007681,calls/second,milliseconds
1779969619,11,1.966438,0.077038,0.039091,0.134533,0.066754,0.070382,0.070382,0.070382,0.077529,1.966438,0.015602,0.001757,0.009911,0.007638,calls/second,milliseconds
1779969620,11,1.966438,0.077038,0.039091,0.134533,0.066754,0.070382,0.070382,0.070382,0.077529,1.966438,0.015580,0.001757,0.009911,0.007638,calls/second,milliseconds
1779969621,11,1.966438,0.077038,0.039091,0.134533,0.066754,0.070382,0.070382,0.070382,0.077529,1.966438,0.015558,0.001757,0.009911,0.007638,calls/second,milliseconds
1779969622,11,1.966438,0.077038,0.039091,0.134533,0.066754,0.070382,0.070382,0.070382,0.077529,1.966438,0.015536,0.001757,0.009911,0.007638,calls/second,milliseconds
1779969623,11,1.966438,0.077038,0.039091,0.134533,0.066754,0.070382,0.070382,0.070382,0.077529,1.966438,0.015514,0.001757,0.009911,0.007638,calls/second,milliseconds
1779969624,11,1.966438,0.077038,0.039091,0.134533,0.066754,0.070382,0.070382,0.070382,0.077529,1.966438,0.015492,0.001617,0.009747,0.007596,calls/second,milliseconds
1779969625,11,1.966438,0.077038,0.039091,0.134533,0.066754,0.070382,0.070382,0.070382,0.077529,1.966438,0.015470,0.001617,0.009747,0.007596,calls/second,milliseconds
1779969626,11,1.966438,0.077038,0.039091,0.134533,0.066754,0.070382,0.070382,0.070382,0.077529,1.966438,0.015449,0.001617,0.009747,0.007596,calls/second,milliseconds
1779969627,11,1.966438,0.077038,0.039091,0.134533,0.066754,0.070382,0.070382,0.070382,0.077529,1.966438,0.015427,0.001617,0.009747,0.007596,calls/second,milliseconds
1779969628,11,1.966438,0.077038,0.039091,0.134533,0.066754,0.070382,0.070382,0.070382,0.077529,1.966438,0.015405,0.001617,0.009747,0.007596,calls/second,milliseconds
1779969629,11,1.966438,0.077038,0.039091,0.134533,0.066754,0.070382,0.070382,0.070382,0.077529,1.966438,0.015384,0.001487,0.009586,0.007554,calls/second,milliseconds
1779969630,11,1.966438,0.077038,0.039091,0.134533,0.066754,0.070382,0.070382,0.070382,0.077529,1.966438,0.015362,0.001487,0.009586,0.007554,calls/second,milliseconds
1779969631,11,1.966438,0.077038,0.039091,0.134533,0.066754,0.070382,0.070382,0.070382,0.077529,1.966438,0.015341,0.001487,0.009586,0.007554,calls/second,milliseconds
1779969632,11,1.966438,0.077038,0.039091,0.134533,0.066754,0.070382,0.070382,0.070382,0.077529,1.966438,0.015319,0.001487,0.009586,0.007554,calls/second,milliseconds
1779969633,11,1.966438,0.077038,0.039091,0.134533,0.066754,0.070382,0.070382,0.070382,0.077529,1.966438,0.015298,0.001487,0.009586,0.007554,calls/second,milliseconds
1779969634,11,1.966438,0.077038,0.039091,0.134533,0.066754,0.070382,0.070382,0.070382,0.077529,1.966438,0.015277,0.001369,0.009428,0.007512,calls/second,milliseconds
1779969635,11,1.966438,0.077038,0.039091,0.134533,0.066754,0.070382,0.070382,0.070382,0.077529,1.966438,0.015255,0.001369,0.009428,0.007512,calls/second,milliseconds
1779969636,11,1.966438,0.077038,0.039091,0.134533,0.066754,0.070382,0.070382,0.070382,0.077529,1.966438,0.015234,0.001369,0.009428,0.007512,calls/second,milliseconds
1779969637,11,1.966438,0.077038,0.039091,0.134533,0.066754,0.070382,0.070382,0.070382,0.077529,1.966438,0.015213,0.001369,0.009428,0.007512,calls/second,milliseconds
1779969638,11,1.966438,0.077038,0.039091,0.134533,0.066754,0.070382,0.070382,0.070382,0.077529,1.966438,0.015192,0.001369,0.009428,0.007512,calls/second,milliseconds
1779969639,11,1.966438,0.077038,0.039091,0.134533,0.066754,0.070382,0.070382,0.070382,0.077529,1.966438,0.015171,0.001259,0.009272,0.007470,calls/second,milliseconds
1779969640,11,1.966438,0.077038,0.039091,0.134533,0.066754,0.070382,0.070382,0.070382,0.077529,1.966438,0.015150,0.001259,0.009272,0.007470,calls/second,milliseconds
1779969641,11,1.966438,0.077038,0.039091,0.134533,0.066754,0.070382,0.070382,0.070382,0.077529,1.966438,0.015129,0.001259,0.009272,0.007470,calls/second,milliseconds
1779969642,11,1.966438,0.077038,0.039091,0.134533,0.066754,0.070382,0.070382,0.070382,0.077529,1.966438,0.015109,0.001259,0.009272,0.007470,calls/second,milliseconds
1779969643,11,1.966438,0.077038,0.039091,0.134533,0.066754,0.070382,0.070382,0.070382,0.077529,1.966438,0.015088,0.001259,0.009272,0.007470,calls/second,milliseconds
1779969644,11,1.966438,0.077038,0.039091,0.134533,0.066754,0.070382,0.070382,0.070382,0.077529,1.966438,0.015067,0.001158,0.009119,0.007429,calls/second,milliseconds
1779969645,11,1.966438,0.077038,0.039091,0.134533,0.066754,0.070382,0.070382,0.070382,0.077529,1.966438,0.015046,0.001158,0.009119,0.007429,calls/second,milliseconds
1779969646,11,1.966438,0.077038,0.039091,0.134533,0.066754,0.070382,0.070382,0.070382,0.077529,1.966438,0.015026,0.001158,0.009119,0.007429,calls/second,milliseconds
1779969647,11,1.966438,0.077038,0.039091,0.134533,0.066754,0.070382,0.070382,0.070382,0.077529,1.966438,0.015005,0.001158,0.009119,0.007429,calls/second,milliseconds
1779969648,11,1.966438,0.077038,0.039091,0.134533,0.066754,0.070382,0.070382,0.070382,0.077529,1.966438,0.014985,0.001158,0.009119,0.007429,calls/second,milliseconds
1779969649,11,1.966438,0.077038,0.039091,0.134533,0.066754,0.070382,0.070382,0.070382,0.077529,1.966438,0.014964,0.001066,0.008968,0.007388,calls/second,milliseconds
1779969650,11,1.966438,0.077038,0.039091,0.134533,0.066754,0.070382,0.070382,0.070382,0.077529,1.966438,0.014944,0.001066,0.008968,0.007388,calls/second,milliseconds
1779969651,11,1.966438,0.077038,0.039091,0.134533,0.066754,0.070382,0.070382,0.070382,0.077529,1.966438,0.014924,0.001066,0.008968,0.007388,calls/second,milliseconds
1779969652,11,1.966438,0.077038,0.039091,0.134533,0.066754,0.070382,0.070382,0.070382,0.077529,1.966438,0.014904,0.001066,0.008968,0.007388,calls/second,milliseconds
1779969653,11,1.966438,0.077038,0.039091,0.134533,0.066754,0.070382,0.070382,0.070382,0.077529,1.966438,0.014883,0.001066,0.008968,0.007388,calls/second,milliseconds
1779969654,11,1.966438,0.077038,0.039091,0.134533,0.066754,0.070382,0.070382,0.070382,0.077529,1.966438,0.014863,0.000981,0.008820,0.007347,calls/second,milliseconds
1779969655,11,1.966438,0.077038,0.039091,0.134533,0.066754,0.070382,0.070382,0.070382,0.077529,1.966438,0.014843,0.000981,0.008820,0.007347,calls/second,milliseconds
1779969656,11,1.966438,0.077038,0.039091,0.134533,0.066754,0.070382,0.070382,0.070382,0.077529,1.966438,0.014823,0.000981,0.008820,0.007347,calls/second,milliseconds
1779969657,11,1.966438,0.077038,0.039091,0.134533,0.066754,0.070382,0.070382,0.070382,0.077529,1.966438,0.014803,0.000981,0.008820,0.007347,calls/second,milliseconds
1779969658,11,1.966438,0.077038,0.039091,0.134533,0.066754,0.070382,0.070382,0.070382,0.077529,1.966438,0.014783,0.000981,0.008820,0.007347,calls/second,milliseconds
1779969659,11,1.966438,0.077038,0.039091,0.134533,0.066754,0.070382,0.070382,0.070382,0.077529,1.966438,0.014763,0.000902,0.008674,0.007306,calls/second,milliseconds
1779969660,11,1.966438,0.077038,0.039091,0.134533,0.066754,0.070382,0.070382,0.070382,0.077529,1.966438,0.014744,0.000902,0.008674,0.007306,calls/second,milliseconds
1779969661,11,1.966438,0.077038,0.039091,0.134533,0.066754,0.070382,0.070382,0.070382,0.077529,1.966438,0.014724,0.000902,0.008674,0.007306,calls/second,milliseconds
1779969662,11,1.966438,0.077038,0.039091,0.134533,0.066754,0.070382,0.070382,0.070382,0.077529,1.966438,0.014704,0.000902,0.008674,0.007306,calls/second,milliseconds
1779969663,11,1.966438,0.077038,0.039091,0.134533,0.066754,0.070382,0.070382,0.070382,0.077529,1.966438,0.014684,0.000902,0.008674,0.007306,calls/second,milliseconds
1779969664,11,1.966438,0.077038,0.039091,0.134533,0.066754,0.070382,0.070382,0.070382,0.077529,1.966438,0.014665,0.000830,0.008531,0.007265,calls/second,milliseconds
1779969665,11,1.966438,0.077038,0.039091,0.134533,0.066754,0.070382,0.070382,0.070382,0.077529,1.966438,0.014645,0.000830,0.008531,0.007265,calls/second,milliseconds
1779969666,11,1.966438,0.077038,0.039091,0.134533,0.066754,0.070382,0.070382,0.070382,0.077529,1.966438,0.014626,0.000830,0.008531,0.007265,calls/second,milliseconds
1779969667,11,1.966438,0.077038,0.039091,0.134533,0.066754,0.070382,0.070382,0.070382,0.077529,1.966438,0.014606,0.000830,0.008531,0.007265,calls/second,milliseconds
1779969668,11,1.966438,0.077038,0.039091,0.134533,0.066754,0.070382,0.070382,0.070382,0.077529,1.966438,0.014587,0.000830,0.008531,0.007265,calls/second,milliseconds
1779969669,11,1.966438,0.077038,0.039091,0.134533,0.066754,0.070382,0.070382,0.070382,0.077529,1.966438,0.014568,0.000764,0.008390,0.007225,calls/second,milliseconds
1779969670,11,1.966438,0.077038,0.039091,0.134533,0.066754,0.070382,0.070382,0.070382,0.077529,1.966438,0.014548,0.000764,0.008390,0.007225,calls/second,milliseconds
1779969671,11,1.966438,0.077038,0.039091,0.134533,0.066754,0.070382,0.070382,0.070382,0.077529,1.966438,0.014529,0.000764,0.008390,0.007225,calls/second,milliseconds
1779969672,11,1.966438,0.077038,0.039091,0.134533,0.066754,0.070382,0.070382,0.070382,0.077529,1.966438,0.014510,0.000764,0.008390,0.007225,calls/second,milliseconds
1779969673,11,1.966438,0.077038,0.039091,0.134533,0.066754,0.070382,0.070382,0.070382,0.077529,1.966438,0.014491,0.000764,0.008390,0.007225,calls/second,milliseconds
1779969674,11,1.966438,0.077038,0.039091,0.134533,0.066754,0.070382,0.070382,0.070382,0.077529,1.966438,0.014472,0.000703,0.008251,0.007185,calls/second,milliseconds
1779969675,11,1.966438,0.077038,0.039091,0.134533,0.066754,0.070382,0.070382,0.070382,0.077529,1.966438,0.014453,0.000703,0.008251,0.007185,calls/second,milliseconds
1779969676,11,1.966438,0.077038,0.039091,0.134533,0.066754,0.070382,0.070382,0.070382,0.077529,1.966438,0.014434,0.000703,0.008251,0.007185,calls/second,milliseconds
1779969677,11,1.966438,0.077038,0.039091,0.134533,0.066754,0.070382,0.070382,0.070382,0.077529,1.966438,0.014415,0.000703,0.008251,0.007185,calls/second,milliseconds
1779969678,11,1.966438,0.077038,0.039091,0.134533,0.066754,0.070382,0.070382,0.070382,0.077529,1.966438,0.014396,0.000703,0.008251,0.007185,calls/second,milliseconds
1779969679,11,1.966438,0.077038,0.039091,0.134533,0.066754,0.070382,0.070382,0.070382,0.077529,1.966438,0.014377,0.000646,0.008115,0.007145,calls/second,milliseconds
1779969680,11,1.966438,0.077038,0.039091,0.134533,0.066754,0.070382,0.070382,0.070382,0.077529,1.966438,0.014358,0.000646,0.008115,0.007145,calls/second,milliseconds
1779969681,11,1.966438,0.077038,0.039091,0.134533,0.066754,0.070382,0.070382,0.070382,0.077529,1.966438,0.014339,0.000646,0.008115,0.007145,calls/second,milliseconds
1779969682,11,1.966438,0.077038,0.039091,0.134533,0.066754,0.070382,0.070382,0.070382,0.077529,1.966438,0.014321,0.000646,0.008115,0.007145,calls/second,milliseconds
1779969683,11,1.966438,0.077038,0.039091,0.134533,0.066754,0.070382,0.070382,0.070382,0.077529,1.966438,0.014302,0.000646,0.008115,0.007145,calls/second,milliseconds
1779969684,11,1.966438,0.077038,0.039091,0.134533,0.066754,0.070382,0.070382,0.070382,0.077529,1.966438,0.014283,0.000595,0.007980,0.007106,calls/second,milliseconds
1779969685,11,1.966438,0.077038,0.039091,0.134533,0.066754,0.070382,0.070382,0.070382,0.077529,1.966438,0.014265,0.000595,0.007980,0.007106,calls/second,milliseconds
1779969686,11,1.966438,0.077038,0.039091,0.134533,0.066754,0.070382,0.070382,0.070382,0.077529,1.966438,0.014246,0.000595,0.007980,0.007106,calls/second,milliseconds
1779969687,11,1.966438,0.077038,0.039091,0.134533,0.066754,0.070382,0.070382,0.070382,0.077529,1.966438,0.014228,0.000595,0.007980,0.007106,calls/second,milliseconds
1779969688,11,1.966438,0.077038,0.039091,0.134533,0.066754,0.070382,0.070382,0.070382,0.077529,1.966438,0.014209,0.000595,0.007980,0.007106,calls/second,milliseconds
1779969689,11,1.966438,0.077038,0.039091,0.134533,0.066754,0.070382,0.070382,0.070382,0.077529,1.966438,0.014191,0.000547,0.007849,0.007066,calls/second,milliseconds
1779969690,11,1.966438,0.077038,0.039091,0.134533,0.066754,0.070382,0.070382,0.070382,0.077529,1.966438,0.014173,0.000547,0.007849,0.007066,calls/second,milliseconds
1779969691,11,1.966438,0.077038,0.039091,0.134533,0.066754,0.070382,0.070382,0.070382,0.077529,1.966438,0.014154,0.000547,0.007849,0.007066,calls/second,milliseconds
1779969692,11,1.966438,0.077038,0.039091,0.134533,0.066754,0.070382,0.070382,0.070382,0.077529,1.966438,0.014136,0.000547,0.007849,0.007066,calls/second,milliseconds
1779969693,11,1.966438,0.077038,0.039091,0.134533,0.066754,0.070382,0.070382,0.070382,0.077529,1.966438,0.014118,0.000547,0.007849,0.007066,calls/second,milliseconds
1779969694,11,1.966438,0.077038,0.039091,0.134533,0.066754,0.070382,0.070382,0.070382,0.077529,1.966438,0.014100,0.000503,0.007719,0.007027,calls/second,milliseconds
1779969695,11,1.966438,0.077038,0.039091,0.134533,0.066754,0.070382,0.070382,0.070382,0.077529,1.966438,0.014082,0.000503,0.007719,0.007027,calls/second,milliseconds
1779969696,11,1.966438,0.077038,0.039091,0.134533,0.066754,0.070382,0.070382,0.070382,0.077529,1.966438,0.014064,0.000503,0.007719,0.007027,calls/second,milliseconds
1779969697,11,1.966438,0.077038,0.039091,0.134533,0.066754,0.070382,0.070382,0.070382,0.077529,1.966438,0.014046,0.000503,0.007719,0.007027,calls/second,milliseconds
1779969698,11,1.966438,0.077038,0.039091,0.134533,0.066754,0.070382,0.070382,0.070382,0.077529,1.966438,0.014028,0.000503,0.007719,0.007027,calls/second,milliseconds
1779969699,11,1.966438,0.077038,0.039091,0.134533,0.066754,0.070382,0.070382,0.070382,0.077529,1.966438,0.014010,0.000463,0.007591,0.006988,calls/second,milliseconds
1779969700,11,1.966438,0.077038,0.039091,0.134533,0.066754,0.070382,0.070382,0.070382,0.077529,1.966438,0.013992,0.000463,0.007591,0.006988,calls/second,milliseconds
1779969701,11,1.966438,0.077038,0.039091,0.134533,0.066754,0.070382,0.070382,0.070382,0.077529,1.966438,0.013974,0.000463,0.007591,0.006988,calls/second,milliseconds
1779969702,11,1.966438,0.077038,0.039091,0.134533,0.066754,0.070382,0.070382,0.070382,0.077529,1.966438,0.013957,0.000463,0.007591,0.006988,calls/second,milliseconds
1779969703,11,1.966438,0.077038,0.039091,0.134533,0.066754,0.070382,0.070382,0.070382,0.077529,1.966438,0.013939,0.000463,0.007591,0.006988,calls/second,milliseconds
1779969704,11,1.966438,0.077038,0.039091,0.134533,0.066754,0.070382,0.070382,0.070382,0.077529,1.966438,0.013921,0.000426,0.007466,0.006950,calls/second,milliseconds
1779969705,11,1.966438,0.077038,0.039091,0.134533,0.066754,0.070382,0.070382,0.070382,0.077529,1.966438,0.013904,0.000426,0.007466,0.006950,calls/second,milliseconds
1779969706,11,1.966438,0.077038,0.039091,0.134533,0.066754,0.070382,0.070382,0.070382,0.077529,1.966438,0.013886,0.000426,0.007466,0.006950,calls/second,milliseconds
1779969707,11,1.966438,0.077038,0.039091,0.134533,0.066754,0.070382,0.070382,0.070382,0.077529,1.966438,0.013869,0.000426,0.007466,0.006950,calls/second,milliseconds
1779969708,11,1.966438,0.077038,0.039091,0.134533,0.066754,0.070382,0.070382,0.070382,0.077529,1.966438,0.013851,0.000426,0.007466,0.006950,calls/second,milliseconds
1779969709,11,1.966438,0.077038,0.039091,0.134533,0.066754,0.070382,0.070382,0.070382,0.077529,1.966438,0.013834,0.000392,0.007342,0.006911,calls/second,milliseconds
1779969710,11,1.966438,0.077038,0.039091,0.134533,0.066754,0.070382,0.070382,0.070382,0.077529,1.966438,0.013816,0.000392,0.007342,0.006911,calls/second,milliseconds
1779969711,11,1.966438,0.077038,0.039091,0.134533,0.066754,0.070382,0.070382,0.070382,0.077529,1.966438,0.013799,0.000392,0.007342,0.006911,calls/second,milliseconds
1779969712,11,1.966438,0.077038,0.039091,0.134533,0.066754,0.070382,0.070382,0.070382,0.077529,1.966438,0.013782,0.000392,0.007342,0.006911,calls/second,milliseconds
1779969713,11,1.966438,0.077038,0.039091,0.134533,0.066754,0.070382,0.070382,0.070382,0.077529,1.966438,0.013764,0.000392,0.007342,0.006911,calls/second,milliseconds
1779969714,11,1.966438,0.077038,0.039091,0.134533,0.066754,0.070382,0.070382,0.070382,0.077529,1.966438,0.013747,0.000361,0.007221,0.006873,calls/second,milliseconds
1779969715,11,1.966438,0.077038,0.039091,0.134533,0.066754,0.070382,0.070382,0.070382,0.077529,1.966438,0.013730,0.000361,0.007221,0.006873,calls/second,milliseconds
1779969716,11,1.966438,0.077038,0.039091,0.134533,0.066754,0.070382,0.070382,0.070382,0.077529,1.966438,0.013713,0.000361,0.007221,0.006873,calls/second,milliseconds
1779969717,11,1.966438,0.077038,0.039091,0.134533,0.066754,0.070382,0.070382,0.070382,0.077529,1.966438,0.013696,0.000361,0.007221,0.006873,calls/second,milliseconds
1779969718,11,1.966438,0.077038,0.039091,0.134533,0.066754,0.070382,0.070382,0.070382,0.077529,1.966438,0.013679,0.000361,0.007221,0.006873,calls/second,milliseconds
1779969719,11,1.966438,0.077038,0.039091,0.134533,0.066754,0.070382,0.070382,0.070382,0.077529,1.966438,0.013662,0.000332,0.007102,0.006835,calls/second,milliseconds
1779969720,11,1.966438,0.077038,0.039091,0.134533,0.066754,0.070382,0.070382,0.070382,0.077529,1.966438,0.013645,0.000332,0.007102,0.006835,calls/second,milliseconds
1779969721,11,1.966438,0.077038,0.039091,0.134533,0.066754,0.070382,0.070382,0.070382,0.077529,1.966438,0.013628,0.000332,0.007102,0.006835,calls/second,milliseconds
1779969722,11,1.966438,0.077038,0.039091,0.134533,0.066754,0.070382,0.070382,0.070382,0.077529,1.966438,0.013611,0.000332,0.007102,0.006835,calls/second,milliseconds
1779969723,11,1.966438,0.077038,0.039091,0.134533,0.066754,0.070382,0.070382,0.070382,0.077529,1.966438,0.013594,0.000332,0.007102,0.006835,calls/second,milliseconds
1779969724,11,1.966438,0.077038,0.039091,0.134533,0.066754,0.070382,0.070382,0.070382,0.077529,1.966438,0.013577,0.000305,0.006984,0.006797,calls/second,milliseconds
1779969725,11,1.966438,0.077038,0.039091,0.134533,0.066754,0.070382,0.070382,0.070382,0.077529,1.966438,0.013560,0.000305,0.006984,0.006797,calls/second,milliseconds
1779969726,11,1.966438,0.077038,0.039091,0.134533,0.066754,0.070382,0.070382,0.070382,0.077529,1.966438,0.013544,0.000305,0.006984,0.006797,calls/second,milliseconds
1779969727,11,1.966438,0.077038,0.039091,0.134533,0.066754,0.070382,0.070382,0.070382,0.077529,1.966438,0.013527,0.000305,0.006984,0.006797,calls/second,milliseconds
1779969728,11,1.966438,0.077038,0.039091,0.134533,0.066754,0.070382,0.070382,0.070382,0.077529,1.966438,0.013510,0.000305,0.006984,0.006797,calls/second,milliseconds
1779969729,11,1.966438,0.077038,0.039091,0.134533,0.066754,0.070382,0.070382,0.070382,0.077529,1.966438,0.013494,0.000281,0.006869,0.006759,calls/second,milliseconds
1779969730,11,1.966438,0.077038,0.039091,0.134533,0.066754,0.070382,0.070382,0.070382,0.077529,1.966438,0.013477,0.000281,0.006869,0.006759,calls/second,milliseconds
1779969731,11,1.966438,0.077038,0.039091,0.134533,0.066754,0.070382,0.070382,0.070382,0.077529,1.966438,0.013461,0.000281,0.006869,0.006759,calls/second,milliseconds
1779969732,11,1.966438,0.077038,0.039091,0.134533,0.066754,0.070382,0.070382,0.070382,0.077529,1.966438,0.013444,0.000281,0.006869,0.006759,calls/second,milliseconds
1779969733,11,1.966438,0.077038,0.039091,0.134533,0.066754,0.070382,0.070382,0.070382,0.077529,1.966438,0.013428,0.000281,0.006869,0.006759,calls/second,milliseconds
1779969734,11,1.966438,0.077038,0.039091,0.134533,0.066754,0.070382,0.070382,0.070382,0.077529,1.966438,0.013411,0.000258,0.006755,0.006722,calls/second,milliseconds
1779969735,11,1.966438,0.077038,0.039091,0.134533,0.066754,0.070382,0.070382,0.070382,0.077529,1.966438,0.013395,0.000258,0.006755,0.006722,calls/second,milliseconds
1779969736,11,1.966438,0.077038,0.039091,0.134533,0.066754,0.070382,0.070382,0.070382,0.077529,1.966438,0.013379,0.000258,0.006755,0.006722,calls/second,milliseconds
1779969737,11,1.966438,0.077038,0.039091,0.134533,0.066754,0.070382,0.070382,0.070382,0.077529,1.966438,0.013362,0.000258,0.006755,0.006722,calls/second,milliseconds
1779969738,11,1.966438,0.077038,0.039091,0.134533,0.066754,0.070382,0.070382,0.070382,0.077529,1.966438,0.013346,0.000258,0.006755,0.006722,calls/second,milliseconds
1779969739,11,1.966438,0.077038,0.039091,0.134533,0.066754,0.070382,0.070382,0.070382,0.077529,1.966438,0.013330,0.000238,0.006644,0.006685,calls/second,milliseconds
1779969740,11,1.966438,0.077038,0.039091,0.134533,0.066754,0.070382,0.070382,0.070382,0.077529,1.966438,0.013314,0.000238,0.006644,0.006685,calls/second,milliseconds
1779969741,11,1.966438,0.077038,0.039091,0.134533,0.066754,0.070382,0.070382,0.070382,0.077529,1.966438,0.013298,0.000238,0.006644,0.006685,calls/second,milliseconds
1779969742,11,1.966438,0.077038,0.039091,0.134533,0.066754,0.070382,0.070382,0.070382,0.077529,1.966438,0.013282,0.000238,0.006644,0.006685,calls/second,milliseconds
1779969743,11,1.966438,0.077038,0.039091,0.134533,0.066754,0.070382,0.070382,0.070382,0.077529,1.966438,0.013266,0.000238,0.006644,0.006685,calls/second,milliseconds
1779969744,11,1.966438,0.077038,0.039091,0.134533,0.066754,0.070382,0.070382,0.070382,0.077529,1.966438,0.013250,0.000219,0.006534,0.006648,calls/second,milliseconds
1779969745,11,1.966438,0.077038,0.039091,0.134533,0.066754,0.070382,0.070382,0.070382,0.077529,1.966438,0.013234,0.000219,0.006534,0.006648,calls/second,milliseconds
1779969746,11,1.966438,0.077038,0.039091,0.134533,0.066754,0.070382,0.070382,0.070382,0.077529,1.966438,0.013218,0.000219,0.006534,0.006648,calls/second,milliseconds
1779969747,11,1.966438,0.077038,0.039091,0.134533,0.066754,0.070382,0.070382,0.070382,0.077529,1.966438,0.013202,0.000219,0.006534,0.006648,calls/second,milliseconds
1779969748,11,1.966438,0.077038,0.039091,0.134533,0.066754,0.070382,0.070382,0.070382,0.077529,1.966438,0.013186,0.000219,0.006534,0.006648,calls/second,milliseconds
1779969749,11,1.966438,0.077038,0.039091,0.134533,0.066754,0.070382,0.070382,0.070382,0.077529,1.966438,0.013170,0.000201,0.006426,0.006611,calls/second,milliseconds
1779969750,11,1.966438,0.077038,0.039091,0.134533,0.066754,0.070382,0.070382,0.070382,0.077529,1.966438,0.013154,0.000201,0.006426,0.006611,calls/second,milliseconds
1779969751,11,1.966438,0.077038,0.039091,0.134533,0.066754,0.070382,0.070382,0.070382,0.077529,1.966438,0.013139,0.000201,0.006426,0.006611,calls/second,milliseconds
1779969752,11,1.966438,0.077038,0.039091,0.134533,0.066754,0.070382,0.070382,0.070382,0.077529,1.966438,0.013123,0.000201,0.006426,0.006611,calls/second,milliseconds
1779969753,11,1.966438,0.077038,0.039091,0.134533,0.066754,0.070382,0.070382,0.070382,0.077529,1.966438,0.013107,0.000201,0.006426,0.006611,calls/second,milliseconds
1779969754,11,1.966438,0.077038,0.039091,0.134533,0.066754,0.070382,0.070382,0.070382,0.077529,1.966438,0.013092,0.000185,0.006320,0.006574,calls/second,milliseconds
1779969755,11,1.966438,0.077038,0.039091,0.134533,0.066754,0.070382,0.070382,0.070382,0.077529,1.966438,0.013076,0.000185,0.006320,0.006574,calls/second,milliseconds
1779969756,11,1.966438,0.077038,0.039091,0.134533,0.066754,0.070382,0.070382,0.070382,0.077529,1.966438,0.013061,0.000185,0.006320,0.006574,calls/second,milliseconds
1779969757,11,1.966438,0.077038,0.039091,0.134533,0.066754,0.070382,0.070382,0.070382,0.077529,1.966438,0.013045,0.000185,0.006320,0.006574,calls/second,milliseconds
1779969758,11,1.966438,0.077038,0.039091,0.134533,0.066754,0.070382,0.070382,0.070382,0.077529,1.966438,0.013030,0.000185,0.006320,0.006574,calls/second,milliseconds
1779969759,11,1.966438,0.077038,0.039091,0.134533,0.066754,0.070382,0.070382,0.070382,0.077529,1.966438,0.013014,0.000170,0.006215,0.006538,calls/second,milliseconds
1779969760,11,1.966438,0.077038,0.039091,0.134533,0.066754,0.070382,0.070382,0.070382,0.077529,1.966438,0.012999,0.000170,0.006215,0.006538,calls/second,milliseconds
1779969761,11,1.966438,0.077038,0.039091,0.134533,0.066754,0.070382,0.070382,0.070382,0.077529,1.966438,0.012983,0.000170,0.006215,0.006538,calls/second,milliseconds
1779969762,11,1.966438,0.077038,0.039091,0.134533,0.066754,0.070382,0.070382,0.070382,0.077529,1.966438,0.012968,0.000170,0.006215,0.006538,calls/second,milliseconds
1779969763,11,1.966438,0.077038,0.039091,0.134533,0.066754,0.070382,0.070382,0.070382,0.077529,1.966438,0.012953,0.000170,0.006215,0.006538,calls/second,milliseconds
1779969764,11,1.966438,0.077038,0.039091,0.134533,0.066754,0.070382,0.070382,0.070382,0.077529,1.966438,0.012938,0.000157,0.006112,0.006501,calls/second,milliseconds
1779969765,11,1.966438,0.077038,0.039091,0.134533,0.066754,0.070382,0.070382,0.070382,0.077529,1.966438,0.012922,0.000157,0.006112,0.006501,calls/second,milliseconds
1779969766,11,1.966438,0.077038,0.039091,0.134533,0.066754,0.070382,0.070382,0.070382,0.077529,1.966438,0.012907,0.000157,0.006112,0.006501,calls/second,milliseconds
1779969767,11,1.966438,0.077038,0.039091,0.134533,0.066754,0.070382,0.070382,0.070382,0.077529,1.966438,0.012892,0.000157,0.006112,0.006501,calls/second,milliseconds
1779969768,11,1.966438,0.077038,0.039091,0.134533,0.066754,0.070382,0.070382,0.070382,0.077529,1.966438,0.012877,0.000157,0.006112,0.006501,calls/second,milliseconds
1779969769,11,1.966438,0.077038,0.039091,0.134533,0.066754,0.070382,0.070382,0.070382,0.077529,1.966438,0.012862,0.000144,0.006011,0.006465,calls/second,milliseconds
1779969770,11,1.966438,0.077038,0.039091,0.134533,0.066754,0.070382,0.070382,0.070382,0.077529,1.966438,0.012847,0.000144,0.006011,0.006465,calls/second,milliseconds
1779969771,11,1.966438,0.077038,0.039091,0.134533,0.066754,0.070382,0.070382,0.070382,0.077529,1.966438,0.012832,0.000144,0.006011,0.006465,calls/second,milliseconds
1779969772,11,1.966438,0.077038,0.039091,0.134533,0.066754,0.070382,0.070382,0.070382,0.077529,1.966438,0.012817,0.000144,0.006011,0.006465,calls/second,milliseconds
1779969773,11,1.966438,0.077038,0.039091,0.134533,0.066754,0.070382,0.070382,0.070382,0.077529,1.966438,0.012802,0.000144,0.006011,0.006465,calls/second,milliseconds
1779969774,11,1.966438,0.077038,0.039091,0.134533,0.066754,0.070382,0.070382,0.070382,0.077529,1.966438,0.012787,0.000133,0.005912,0.006430,calls/second,milliseconds
1779969775,11,1.966438,0.077038,0.039091,0.134533,0.066754,0.070382,0.070382,0.070382,0.077529,1.966438,0.012772,0.000133,0.005912,0.006430,calls/second,milliseconds
1779969776,11,1.966438,0.077038,0.039091,0.134533,0.066754,0.070382,0.070382,0.070382,0.077529,1.966438,0.012757,0.000133,0.005912,0.006430,calls/second,milliseconds
1779969777,11,1.966438,0.077038,0.039091,0.134533,0.066754,0.070382,0.070382,0.070382,0.077529,1.966438,0.012742,0.000133,0.005912,0.006430,calls/second,milliseconds
1779969778,11,1.966438,0.077038,0.039091,0.134533,0.066754,0.070382,0.070382,0.070382,0.077529,1.966438,0.012728,0.000133,0.005912,0.006430,calls/second,milliseconds
1779969779,11,1.966438,0.077038,0.039091,0.134533,0.066754,0.070382,0.070382,0.070382,0.077529,1.966438,0.012713,0.000122,0.005814,0.006394,calls/second,milliseconds
1779969780,11,1.966438,0.077038,0.039091,0.134533,0.066754,0.070382,0.070382,0.070382,0.077529,1.966438,0.012698,0.000122,0.005814,0.006394,calls/second,milliseconds
1779969781,11,1.966438,0.077038,0.039091,0.134533,0.066754,0.070382,0.070382,0.070382,0.077529,1.966438,0.012684,0.000122,0.005814,0.006394,calls/second,milliseconds
1779969782,11,1.966438,0.077038,0.039091,0.134533,0.066754,0.070382,0.070382,0.070382,0.077529,1.966438,0.012669,0.000122,0.005814,0.006394,calls/second,milliseconds
1779969783,11,1.966438,0.077038,0.039091,0.134533,0.066754,0.070382,0.070382,0.070382,0.077529,1.966438,0.012654,0.000122,0.005814,0.006394,calls/second,milliseconds
1779969784,11,1.966438,0.077038,0.039091,0.134533,0.066754,0.070382,0.070382,0.070382,0.077529,1.966438,0.012640,0.000112,0.005718,0.006359,calls/second,milliseconds
1779969785,11,1.966438,0.077038,0.039091,0.134533,0.066754,0.070382,0.070382,0.070382,0.077529,1.966438,0.012625,0.000112,0.005718,0.006359,calls/second,milliseconds
1779969786,11,1.966438,0.077038,0.039091,0.134533,0.066754,0.070382,0.070382,0.070382,0.077529,1.966438,0.012611,0.000112,0.005718,0.006359,calls/second,milliseconds
1779969787,11,1.966438,0.077038,0.039091,0.134533,0.066754,0.070382,0.070382,0.070382,0.077529,1.966438,0.012596,0.000112,0.005718,0.006359,calls/second,milliseconds
1779969788,11,1.966438,0.077038,0.039091,0.134533,0.066754,0.070382,0.070382,0.070382,0.077529,1.966438,0.012582,0.000112,0.005718,0.006359,calls/second,milliseconds
1779969789,11,1.966438,0.077038,0.039091,0.134533,0.066754,0.070382,0.070382,0.070382,0.077529,1.966438,0.012567,0.000103,0.005624,0.006323,calls/second,milliseconds
1779969790,11,1.966438,0.077038,0.039091,0.134533,0.066754,0.070382,0.070382,0.070382,0.077529,1.966438,0.012553,0.000103,0.005624,0.006323,calls/second,milliseconds
1779969791,11,1.966438,0.077038,0.039091,0.134533,0.066754,0.070382,0.070382,0.070382,0.077529,1.966438,0.012539,0.000103,0.005624,0.006323,calls/second,milliseconds
1779969792,11,1.966438,0.077038,0.039091,0.134533,0.066754,0.070382,0.070382,0.070382,0.077529,1.966438,0.012524,0.000103,0.005624,0.006323,calls/second,milliseconds
1779969793,11,1.966438,0.077038,0.039091,0.134533,0.066754,0.070382,0.070382,0.070382,0.077529,1.966438,0.012510,0.000103,0.005624,0.006323,calls/second,milliseconds
1779969794,11,1.966438,0.077038,0.039091,0.134533,0.066754,0.070382,0.070382,0.070382,0.077529,1.966438,0.012496,0.000095,0.005531,0.006288,calls/second,milliseconds
1779969795,11,1.966438,0.077038,0.039091,0.134533,0.066754,0.070382,0.070382,0.070382,0.077529,1.966438,0.012482,0.000095,0.005531,0.006288,calls/second,milliseconds
1779969796,11,1.966438,0.077038,0.039091,0.134533,0.066754,0.070382,0.070382,0.070382,0.077529,1.966438,0.012468,0.000095,0.005531,0.006288,calls/second,milliseconds
1779969797,11,1.966438,0.077038,0.039091,0.134533,0.066754,0.070382,0.070382,0.070382,0.077529,1.966438,0.012454,0.000095,0.005531,0.006288,calls/second,milliseconds
1779969798,11,1.966438,0.077038,0.039091,0.134533,0.066754,0.070382,0.070382,0.070382,0.077529,1.966438,0.012439,0.000095,0.005531,0.006288,calls/second,milliseconds
1779969799,11,1.966438,0.077038,0.039091,0.134533,0.066754,0.070382,0.070382,0.070382,0.077529,1.966438,0.012425,0.000087,0.005439,0.006253,calls/second,milliseconds
1779969800,11,1.966438,0.077038,0.039091,0.134533,0.066754,0.070382,0.070382,0.070382,0.077529,1.966438,0.012411,0.000087,0.005439,0.006253,calls/second,milliseconds
1779969801,11,1.966438,0.077038,0.039091,0.134533,0.066754,0.070382,0.070382,0.070382,0.077529,1.966438,0.012397,0.000087,0.005439,0.006253,calls/second,milliseconds
1779969802,11,1.966438,0.077038,0.039091,0.134533,0.066754,0.070382,0.070382,0.070382,0.077529,1.966438,0.012383,0.000087,0.005439,0.006253,calls/second,milliseconds
1779969803,11,1.966438,0.077038,0.039091,0.134533,0.066754,0.070382,0.070382,0.070382,0.077529,1.966438,0.012369,0.000087,0.005439,0.006253,calls/second,milliseconds
1779969804,11,1.966438,0.077038,0.039091,0.134533,0.066754,0.070382,0.070382,0.070382,0.077529,1.966438,0.012355,0.000080,0.005349,0.006219,calls/second,milliseconds
1779969805,11,1.966438,0.077038,0.039091,0.134533,0.066754,0.070382,0.070382,0.070382,0.077529,1.966438,0.012341,0.000080,0.005349,0.006219,calls/second,milliseconds
1779969806,11,1.966438,0.077038,0.039091,0.134533,0.066754,0.070382,0.070382,0.070382,0.077529,1.966438,0.012328,0.000080,0.005349,0.006219,calls/second,milliseconds
1779969807,11,1.966438,0.077038,0.039091,0.134533,0.066754,0.070382,0.070382,0.070382,0.077529,1.966438,0.012314,0.000080,0.005349,0.006219,calls/second,milliseconds
1779969808,11,1.966438,0.077038,0.039091,0.134533,0.066754,0.070382,0.070382,0.070382,0.077529,1.966438,0.012300,0.000080,0.005349,0.006219,calls/second,milliseconds
1779969809,11,1.966438,0.077038,0.039091,0.134533,0.066754,0.070382,0.070382,0.070382,0.077529,1.966438,0.012286,0.000074,0.005261,0.006184,calls/second,milliseconds
1779969810,11,1.966438,0.077038,0.039091,0.134533,0.066754,0.070382,0.070382,0.070382,0.077529,1.966438,0.012273,0.000074,0.005261,0.006184,calls/second,milliseconds
1779969811,11,1.966438,0.077038,0.039091,0.134533,0.066754,0.070382,0.070382,0.070382,0.077529,1.966438,0.012259,0.000074,0.005261,0.006184,calls/second,milliseconds
1779969812,11,1.966438,0.077038,0.039091,0.134533,0.066754,0.070382,0.070382,0.070382,0.077529,1.966438,0.012245,0.000074,0.005261,0.006184,calls/second,milliseconds
1779969813,11,1.966438,0.077038,0.039091,0.134533,0.066754,0.070382,0.070382,0.070382,0.077529,1.966438,0.012232,0.000074,0.005261,0.006184,calls/second,milliseconds
1779969814,11,1.966438,0.077038,0.039091,0.134533,0.066754,0.070382,0.070382,0.070382,0.077529,1.966438,0.012218,0.000068,0.005174,0.006150,calls/second,milliseconds
1779969815,11,1.966438,0.077038,0.039091,0.134533,0.066754,0.070382,0.070382,0.070382,0.077529,1.966438,0.012204,0.000068,0.005174,0.006150,calls/second,milliseconds
1779969816,11,1.966438,0.077038,0.039091,0.134533,0.066754,0.070382,0.070382,0.070382,0.077529,1.966438,0.012191,0.000068,0.005174,0.006150,calls/second,milliseconds
1779969817,11,1.966438,0.077038,0.039091,0.134533,0.066754,0.070382,0.070382,0.070382,0.077529,1.966438,0.012177,0.000068,0.005174,0.006150,calls/second,milliseconds
1779969818,11,1.966438,0.077038,0.039091,0.134533,0.066754,0.070382,0.070382,0.070382,0.077529,1.966438,0.012164,0.000068,0.005174,0.006150,calls/second,milliseconds
1779969819,11,1.966438,0.077038,0.039091,0.134533,0.066754,0.070382,0.070382,0.070382,0.077529,1.966438,0.012150,0.000063,0.005089,0.006116,calls/second,milliseconds
1779969820,11,1.966438,0.077038,0.039091,0.134533,0.066754,0.070382,0.070382,0.070382,0.077529,1.966438,0.012137,0.000063,0.005089,0.006116,calls/second,milliseconds
1779969821,11,1.966438,0.077038,0.039091,0.134533,0.066754,0.070382,0.070382,0.070382,0.077529,1.966438,0.012124,0.000063,0.005089,0.006116,calls/second,milliseconds
1779969822,11,1.966438,0.077038,0.039091,0.134533,0.066754,0.070382,0.070382,0.070382,0.077529,1.966438,0.012110,0.000063,0.005089,0.006116,calls/second,milliseconds
1779969823,11,1.966438,0.077038,0.039091,0.134533,0.066754,0.070382,0.070382,0.070382,0.077529,1.966438,0.012097,0.000063,0.005089,0.006116,calls/second,milliseconds
1779969824,11,1.966438,0.077038,0.039091,0.134533,0.066754,0.070382,0.070382,0.070382,0.077529,1.966438,0.012084,0.000058,0.005004,0.006082,calls/second,milliseconds
1779969825,11,1.966438,0.077038,0.039091,0.134533,0.066754,0.070382,0.070382,0.070382,0.077529,1.966438,0.012070,0.000058,0.005004,0.006082,calls/second,milliseconds
1779969826,11,1.966438,0.077038,0.039091,0.134533,0.066754,0.070382,0.070382,0.070382,0.077529,1.966438,0.012057,0.000058,0.005004,0.006082,calls/second,milliseconds
1779969827,11,1.966438,0.077038,0.039091,0.134533,0.066754,0.070382,0.070382,0.070382,0.077529,1.966438,0.012044,0.000058,0.005004,0.006082,calls/second,milliseconds
1779969828,11,1.966438,0.077038,0.039091,0.134533,0.066754,0.070382,0.070382,0.070382,0.077529,1.966438,0.012031,0.000058,0.005004,0.006082,calls/second,milliseconds
1779969829,11,1.966438,0.077038,0.039091,0.134533,0.066754,0.070382,0.070382,0.070382,0.077529,1.966438,0.012017,0.000053,0.004922,0.006048,calls/second,milliseconds
1779969830,11,1.966438,0.077038,0.039091,0.134533,0.066754,0.070382,0.070382,0.070382,0.077529,1.966438,0.012004,0.000053,0.004922,0.006048,calls/second,milliseconds
1779969831,11,1.966438,0.077038,0.039091,0.134533,0.066754,0.070382,0.070382,0.070382,0.077529,1.966438,0.011991,0.000053,0.004922,0.006048,calls/second,milliseconds
1779969832,11,1.966438,0.077038,0.039091,0.134533,0.066754,0.070382,0.070382,0.070382,0.077529,1.966438,0.011978,0.000053,0.004922,0.006048,calls/second,milliseconds
1779969833,11,1.966438,0.077038,0.039091,0.134533,0.066754,0.070382,0.070382,0.070382,0.077529,1.966438,0.011965,0.000053,0.004922,0.006048,calls/second,milliseconds
1779969834,11,1.966438,0.077038,0.039091,0.134533,0.066754,0.070382,0.070382,0.070382,0.077529,1.966438,0.011952,0.000049,0.004840,0.006015,calls/second,milliseconds
1779969835,11,1.966438,0.077038,0.039091,0.134533,0.066754,0.070382,0.070382,0.070382,0.077529,1.966438,0.011939,0.000049,0.004840,0.006015,calls/second,milliseconds
1779969836,11,1.966438,0.077038,0.039091,0.134533,0.066754,0.070382,0.070382,0.070382,0.077529,1.966438,0.011926,0.000049,0.004840,0.006015,calls/second,milliseconds
1779969837,11,1.966438,0.077038,0.039091,0.134533,0.066754,0.070382,0.070382,0.070382,0.077529,1.966438,0.011913,0.000049,0.004840,0.006015,calls/second,milliseconds
1779969838,11,1.966438,0.077038,0.039091,0.134533,0.066754,0.070382,0.070382,0.070382,0.077529,1.966438,0.011900,0.000049,0.004840,0.006015,calls/second,milliseconds
1779969839,11,1.966438,0.077038,0.039091,0.134533,0.066754,0.070382,0.070382,0.070382,0.077529,1.966438,0.011887,0.000045,0.004760,0.005982,calls/second,milliseconds
1779969840,11,1.966438,0.077038,0.039091,0.134533,0.066754,0.070382,0.070382,0.070382,0.077529,1.966438,0.011875,0.000045,0.004760,0.005982,calls/second,milliseconds
1779969841,11,1.966438,0.077038,0.039091,0.134533,0.066754,0.070382,0.070382,0.070382,0.077529,1.966438,0.011862,0.000045,0.004760,0.005982,calls/second,milliseconds
