t,count,mean_rate,m1_rate,m5_rate,m15_rate,rate_unit
1779785539,0,0.000000,0.000000,0.000000,0.000000,events/second
1779785540,67108864,34268214.981721,0.000000,0.000000,0.000000,events/second
1779785541,218103808,73550524.782701,0.000000,0.000000,0.000000,events/second
1779785542,251658240,63385740.548724,0.000000,0.000000,0.000000,events/second
1779785543,251658240,50582123.625043,0.000000,0.000000,0.000000,events/second
1779785544,251658240,42084109.104053,50331648.000000,50331648.000000,50331648.000000,events/second
1779785545,251658240,36029553.641193,50331648.000000,50331648.000000,50331648.000000,events/second
1779785546,251658240,31501085.350223,50331648.000000,50331648.000000,50331648.000000,events/second
1779785547,251658240,27984079.825489,50331648.000000,50331648.000000,50331648.000000,events/second
1779785548,251658240,25174797.005064,50331648.000000,50331648.000000,50331648.000000,events/second
1779785549,251658240,22878340.170285,46307351.621489,49499739.031798,50052803.019916,events/second
1779785550,251658240,20965932.893373,46307351.621489,49499739.031798,50052803.019916,events/second
1779785551,251658240,19348842.887063,46307351.621489,49499739.031798,50052803.019916,events/second
1779785552,251658240,17964102.373131,46307351.621489,49499739.031798,50052803.019916,events/second
1779785553,251658240,16763930.445423,42604820.215627,48681580.309393,49775502.883405,events/second
1779785554,251658240,15714297.365348,42604820.215627,48681580.309393,49775502.883405,events/second
1779785555,251658240,14787970.528105,42604820.215627,48681580.309393,49775502.883405,events/second
1779785556,251658240,13965030.180178,42604820.215627,48681580.309393,49775502.883405,events/second
1779785557,251658240,13228674.636403,42604820.215627,48681580.309393,49775502.883405,events/second
1779785558,251658240,12565984.231955,39198326.875674,47876944.561213,49499739.031798,events/second
1779785559,251658240,11966848.750104,39198326.875674,47876944.561213,49499739.031798,events/second
1779785560,251658240,11422349.936149,39198326.875674,47876944.561213,49499739.031798,events/second
1779785561,251658240,10924911.263657,39198326.875674,47876944.561213,49499739.031798,events/second
1779785562,251658240,10469385.291193,39198326.875674,47876944.561213,49499739.031798,events/second
1779785563,251658240,10050204.167614,36064201.704779,47085608.272153,49225502.953844,events/second
1779785564,251658240,9663237.830547,36064201.704779,47085608.272153,49225502.953844,events/second
1779785565,251658240,9305034.989331,36064201.704779,47085608.272153,49225502.953844,events/second
1779785566,251658240,8972438.915600,36064201.704779,47085608.272153,49225502.953844,events/second
1779785567,251658240,8662821.355793,36064201.704779,47085608.272153,49225502.953844,events/second
1779785568,251658240,8373825.510534,33180667.346547,46307351.621489,48952786.185444,events/second
1779785569,251658240,8103536.974950,33180667.346547,46307351.621489,48952786.185444,events/second
1779785570,251658240,7850143.131648,33180667.346547,46307351.621489,48952786.185444,events/second
1779785571,251658240,7612090.881625,33180667.346547,46307351.621489,48952786.185444,events/second
1779785572,251658240,7388115.674254,33180667.346547,46307351.621489,48952786.185444,events/second
1779785573,251658240,7176892.753244,30527687.665864,45541958.421815,48681580.309393,events/second
1779785574,251658240,6977327.027545,30527687.665864,45541958.421815,48681580.309393,events/second
1779785575,251658240,6788668.495076,30527687.665864,45541958.421815,48681580.309393,events/second
1779785576,251658240,6609900.901075,30527687.665864,45541958.421815,48681580.309393,events/second
1779785577,251658240,6440369.569723,30527687.665864,45541958.421815,48681580.309393,events/second
1779785578,251658240,6279264.295981,28086828.528527,44789216.058986,48411876.955117,events/second
1779785579,251658240,6126040.106503,28086828.528527,44789216.058986,48411876.955117,events/second
1779785580,251658240,5980109.055595,28086828.528527,44789216.058986,48411876.955117,events/second
1779785581,251658240,5840970.177699,28086828.528527,44789216.058986,48411876.955117,events/second
1779785582,251658240,5708183.964936,28086828.528527,44789216.058986,48411876.955117,events/second
1779785583,251658240,5581347.374057,25841129.712323,44048915.433061,48143667.798418,events/second
1779785584,251658240,5460028.075113,25841129.712323,44048915.433061,48143667.798418,events/second
1779785585,251658240,5343825.754577,25841129.712323,44048915.433061,48143667.798418,events/second
1779785586,251658240,5232498.524746,25841129.712323,44048915.433061,48143667.798418,events/second
1779785587,251658240,5125704.737515,25841129.712323,44048915.433061,48143667.798418,events/second
1779785588,301989888,6025712.442650,23774987.059534,43320850.900218,47876944.561213,events/second
1779785589,301989888,5907586.365389,23774987.059534,43320850.900218,47876944.561213,events/second
1779785590,301989888,5793994.528637,23774987.059534,43320850.900218,47876944.561213,events/second
1779785591,301989888,5684667.960796,23774987.059534,43320850.900218,47876944.561213,events/second
1779785592,301989888,5579446.311916,23774987.059534,43320850.900218,47876944.561213,events/second
1779785593,301989888,5478031.490698,22678903.327711,42771202.009268,47667468.007299,events/second
1779785594,301989888,5380236.579600,22678903.327711,42771202.009268,47667468.007299,events/second
1779785595,301989888,5285886.664278,22678903.327711,42771202.009268,47667468.007299,events/second
1779785596,301989888,5194814.278059,22678903.327711,42771202.009268,47667468.007299,events/second
1779785597,301989888,5106784.807794,22678903.327711,42771202.009268,47667468.007299,events/second
1779785598,301989888,5021692.452418,20865598.336579,42064256.221753,47403382.989317,events/second
1779785599,301989888,4939408.091392,20865598.336579,42064256.221753,47403382.989317,events/second
1779785600,301989888,4859768.737582,20865598.336579,42064256.221753,47403382.989317,events/second
1779785601,301989888,4782607.203547,20865598.336579,42064256.221753,47403382.989317,events/second
1779785602,301989888,4707870.793868,20865598.336579,42064256.221753,47403382.989317,events/second
1779785603,301989888,4635474.266274,19197277.207468,41368995.220332,47140761.042474,events/second
1779785604,301989888,4565255.544244,19197277.207468,41368995.220332,47140761.042474,events/second
1779785605,301989888,4497118.179394,19197277.207468,41368995.220332,47140761.042474,events/second
1779785606,301989888,4431029.246648,19197277.207468,41368995.220332,47140761.042474,events/second
1779785607,301989888,4366849.405767,19197277.207468,41368995.220332,47140761.042474,events/second
1779785608,301989888,4304474.450869,17662347.670822,40685225.872479,46879594.061134,events/second
1779785609,301989888,4243851.243062,17662347.670822,40685225.872479,46879594.061134,events/second
1779785610,301989888,4184901.508252,17662347.670822,40685225.872479,46879594.061134,events/second
1779785611,301989888,4127605.140864,17662347.670822,40685225.872479,46879594.061134,events/second
1779785612,301989888,4071838.109910,17662347.670822,40685225.872479,46879594.061134,events/second
1779785613,301989888,4017574.260286,16250144.323781,40012758.237868,46619873.984566,events/second
1779785614,301989888,3964738.133683,16250144.323781,40012758.237868,46619873.984566,events/second
1779785615,301989888,3913259.976652,16250144.323781,40012758.237868,46619873.984566,events/second
1779785616,301989888,3863115.479672,16250144.323781,40012758.237868,46619873.984566,events/second
1779785617,301989888,3814216.718421,16250144.323781,40012758.237868,46619873.984566,events/second
1779785618,301989888,3766550.071856,14950854.522015,39351405.515609,46361592.796699,events/second
1779785619,301989888,3720075.653351,14950854.522015,39351405.515609,46361592.796699,events/second
1779785620,301989888,3674709.805030,14950854.522015,39351405.515609,46361592.796699,events/second
1779785621,301989888,3630429.312675,14950854.522015,39351405.515609,46361592.796699,events/second
1779785622,301989888,3587235.145557,14950854.522015,39351405.515609,46361592.796699,events/second
1779785623,301989888,3545060.273477,13755450.196916,38700983.992360,46104742.525871,events/second
1779785624,301989888,3503836.395854,13755450.196916,38700983.992360,46104742.525871,events/second
1779785625,301989888,3463581.170892,13755450.196916,38700983.992360,46104742.525871,events/second
1779785626,301989888,3424231.270241,13755450.196916,38700983.992360,46104742.525871,events/second
1779785627,301989888,3385773.837674,13755450.196916,38700983.992360,46104742.525871,events/second
1779785628,301989888,3348161.828627,12655625.124384,38061312.991294,45849315.244582,events/second
1779785629,301989888,3311387.083231,12655625.124384,38061312.991294,45849315.244582,events/second
1779785630,301989888,3275413.305975,12655625.124384,38061312.991294,45849315.244582,events/second
1779785631,301989888,3240192.508883,12655625.124384,38061312.991294,45849315.244582,events/second
1779785632,301989888,3205722.565973,12655625.124384,38061312.991294,45849315.244582,events/second
1779785633,301989888,3171971.102488,11643737.209332,37432214.821907,45595303.069256,events/second
1779785634,301989888,3138945.157387,11643737.209332,37432214.821907,45595303.069256,events/second
1779785635,301989888,3106589.105443,11643737.209332,37432214.821907,45595303.069256,events/second
1779785636,301989888,3074905.700995,11643737.209332,37432214.821907,45595303.069256,events/second
1779785637,301989888,3043849.084022,11643737.209332,37432214.821907,45595303.069256,events/second
1779785638,301989888,3013417.199505,10712755.384858,36813514.730664,45342698.159989,events/second
1779785639,301989888,2983589.896401,10712755.384858,36813514.730664,45342698.159989,events/second
1779785640,301989888,2954331.011671,10712755.384858,36813514.730664,45342698.159989,events/second
1779785641,301989888,2925660.363976,10712755.384858,36813514.730664,45342698.159989,events/second
1779785642,301989888,2897528.154409,10712755.384858,36813514.730664,45342698.159989,events/second
1779785643,301989888,2869948.914226,9856210.757128,36205040.852450,45091492.720315,events/second
1779785644,301989888,2842884.692645,9856210.757128,36205040.852450,45091492.720315,events/second
1779785645,301989888,2816327.091056,9856210.757128,36205040.852450,45091492.720315,events/second
1779785646,301989888,2790252.682655,9856210.757128,36205040.852450,45091492.720315,events/second
1779785647,301989888,2764664.631649,9856210.757128,36205040.852450,45091492.720315,events/second
1779785648,301989888,2739538.085486,9068151.656505,35606624.162830,44841678.996958,events/second
1779785649,301989888,2714855.465263,9068151.656505,35606624.162830,44841678.996958,events/second
1779785650,301989888,2690626.219916,9068151.656505,35606624.162830,44841678.996958,events/second
1779785651,301989888,2666821.635457,9068151.656505,35606624.162830,44841678.996958,events/second
1779785652,301989888,2643438.735061,9068151.656505,35606624.162830,44841678.996958,events/second
1779785653,301989888,2620464.774313,8343102.282580,35018098.431098,44593249.279599,events/second
1779785654,301989888,2597882.505491,8343102.282580,35018098.431098,44593249.279599,events/second
1779785655,301989888,2575686.342605,8343102.282580,35018098.431098,44593249.279599,events/second
1779785656,301989888,2553869.883280,8343102.282580,35018098.431098,44593249.279599,events/second
1779785657,301989888,2532415.430944,8343102.282580,35018098.431098,44593249.279599,events/second
1779785658,301989888,2511315.805381,7676024.655768,34439300.174101,44346195.900635,events/second
1779785659,301989888,2490572.881023,7676024.655768,34439300.174101,44346195.900635,events/second
1779785660,301989888,2470160.996526,7676024.655768,34439300.174101,44346195.900635,events/second
1779785661,301989888,2450088.774290,7676024.655768,34439300.174101,44346195.900635,events/second
1779785662,301989888,2430341.847362,7676024.655768,34439300.174101,44346195.900635,events/second
1779785663,301989888,2410907.774340,7062283.611097,33870068.610822,44100511.234941,events/second
1779785664,301989888,2391777.898006,7062283.611097,33870068.610822,44100511.234941,events/second
1779785665,301989888,2372948.272749,7062283.611097,33870068.610822,44100511.234941,events/second
1779785666,301989888,2354396.637796,7062283.611097,33870068.610822,44100511.234941,events/second
1779785667,301989888,2336148.522045,7062283.611097,33870068.610822,44100511.234941,events/second
1779785668,301989888,2318184.132639,6497614.590918,33310245.617723,43856187.699637,events/second
1779785669,301989888,2300493.092802,6497614.590918,33310245.617723,43856187.699637,events/second
1779785670,301989888,2283073.614104,6497614.590918,33310245.617723,43856187.699637,events/second
1779785671,301989888,2265905.243608,6497614.590918,33310245.617723,43856187.699637,events/second
1779785672,301989888,2249004.573575,6497614.590918,33310245.617723,43856187.699637,events/second
1779785673,301989888,2232347.184933,5978094.012788,32759675.684817,43613217.753856,events/second
1779785674,301989888,2215941.563002,5978094.012788,32759675.684817,43613217.753856,events/second
1779785675,301989888,2199774.751923,5978094.012788,32759675.684817,43613217.753856,events/second
1779785676,301989888,2183837.984880,5978094.012788,32759675.684817,43613217.753856,events/second
1779785677,301989888,2168132.195085,5978094.012788,32759675.684817,43613217.753856,events/second
1779785678,301989888,2152653.918173,5500112.006594,32218205.872472,43371593.898504,events/second
1779785679,301989888,2137384.028551,5500112.006594,32218205.872472,43371593.898504,events/second
1779785680,301989888,2122338.056447,5500112.006594,32218205.872472,43371593.898504,events/second
1779785681,301989888,2107504.868763,5500112.006594,32218205.872472,43371593.898504,events/second
1779785682,301989888,2092877.245932,5500112.006594,32218205.872472,43371593.898504,events/second
1779785683,301989888,2078447.816296,5060347.331503,31685685.768924,43131308.676036,events/second
1779785684,301989888,2064215.324209,5060347.331503,31685685.768924,43131308.676036,events/second
1779785685,301989888,2050169.887151,5060347.331503,31685685.768924,43131308.676036,events/second
1779785686,301989888,2036314.957698,5060347.331503,31685685.768924,43131308.676036,events/second
1779785687,301989888,2022654.555166,5060347.331503,31685685.768924,43131308.676036,events/second
1779785688,301989888,2009170.276179,4655744.298434,31161967.448499,42892354.670223,events/second
1779785689,301989888,1995867.931932,4655744.298434,31161967.448499,42892354.670223,events/second
1779785690,301989888,1982626.436403,4655744.298434,31161967.448499,42892354.670223,events/second
1779785691,352321536,2297945.467267,4655744.298434,31161967.448499,42892354.670223,events/second
1779785692,352321536,2283030.603678,4655744.298434,31161967.448499,42892354.670223,events/second
1779785693,352321536,2268309.112645,5088350.813418,30813287.224157,42710493.501939,events/second
1779785694,352321536,2253769.605802,5088350.813418,30813287.224157,42710493.501939,events/second
1779785695,352321536,2239412.848562,5088350.813418,30813287.224157,42710493.501939,events/second
1779785696,352321536,2225246.133546,5088350.813418,30813287.224157,42710493.501939,events/second
1779785697,352321536,2211260.005164,5088350.813418,30813287.224157,42710493.501939,events/second
1779785698,352321536,2197437.195715,4681508.745560,30303988.383365,42473870.876152,events/second
1779785699,352321536,2183795.417691,4681508.745560,30303988.383365,42473870.876152,events/second
1779785700,352321536,2170324.094307,4681508.745560,30303988.383365,42473870.876152,events/second
1779785701,352321536,2157018.412944,4681508.745560,30303988.383365,42473870.876152,events/second
1779785702,352321536,2143863.646463,4681508.745560,30303988.383365,42473870.876152,events/second
1779785703,352321536,2130877.791475,4307195.973391,29803107.511981,42238559.175678,events/second
1779785704,352321536,2118049.026290,4307195.973391,29803107.511981,42238559.175678,events/second
1779785705,352321536,2105373.907122,4307195.973391,29803107.511981,42238559.175678,events/second
1779785706,352321536,2092848.658900,4307195.973391,29803107.511981,42238559.175678,events/second
1779785707,352321536,2080464.809481,4307195.973391,29803107.511981,42238559.175678,events/second
1779785708,352321536,2068234.120334,3962811.598032,29310505.473210,42004551.137791,events/second
1779785709,352321536,2056147.985297,3962811.598032,29310505.473210,42004551.137791,events/second
1779785710,352321536,2044201.195013,3962811.598032,29310505.473210,42004551.137791,events/second
1779785711,352321536,2032392.612648,3962811.598032,29310505.473210,42004551.137791,events/second
1779785712,352321536,2020719.794196,3962811.598032,29310505.473210,42004551.137791,events/second
1779785713,352321536,2009179.673319,3645962.676998,28826045.429985,41771839.540001,events/second
1779785714,352321536,1997771.404059,3645962.676998,28826045.429985,41771839.540001,events/second
1779785715,352321536,1986489.256031,3645962.676998,28826045.429985,41771839.540001,events/second
1779785716,352321536,1975328.615652,3645962.676998,28826045.429985,41771839.540001,events/second
1779785717,352321536,1964297.010782,3645962.676998,28826045.429985,41771839.540001,events/second
1779785718,352321536,1953389.138567,3354447.596919,28349592.806955,41540417.199835,events/second
1779785719,352321536,1942601.294863,3354447.596919,28349592.806955,41540417.199835,events/second
1779785720,352321536,1931933.543119,3354447.596919,28349592.806955,41540417.199835,events/second
1779785721,352321536,1921380.285748,3354447.596919,28349592.806955,41540417.199835,events/second
1779785722,352321536,1910943.471805,3354447.596919,28349592.806955,41540417.199835,events/second
1779785723,352321536,1900620.643482,3086240.775712,27881015.253107,41310276.974608,events/second
1779785724,352321536,1890409.423827,3086240.775712,27881015.253107,41310276.974608,events/second
1779785725,352321536,1880306.380221,3086240.775712,27881015.253107,41310276.974608,events/second
1779785726,352321536,1870309.266138,3086240.775712,27881015.253107,41310276.974608,events/second
1779785727,352321536,1860412.868488,3086240.775712,27881015.253107,41310276.974608,events/second
1779785728,352321536,1850627.038233,2839478.587895,27420182.604996,41081411.761208,events/second
1779785729,352321536,1840941.770045,2839478.587895,27420182.604996,41081411.761208,events/second
1779785730,352321536,1831358.148117,2839478.587895,27420182.604996,41081411.761208,events/second
1779785731,352321536,1821875.854562,2839478.587895,27420182.604996,41081411.761208,events/second
1779785732,352321536,1812489.998584,2839478.587895,27420182.604996,41081411.761208,events/second
1779785733,352321536,1803200.689989,2612446.415252,26966966.850589,40853814.495878,events/second
1779785734,352321536,1794005.749527,2612446.415252,26966966.850589,40853814.495878,events/second
1779785735,352321536,1784904.810234,2612446.415252,26966966.850589,40853814.495878,events/second
1779785736,352321536,1775888.510535,2612446.415252,26966966.850589,40853814.495878,events/second
1779785737,352321536,1766968.139532,2612446.415252,26966966.850589,40853814.495878,events/second
1779785738,352321536,1758134.990371,2403566.732871,26521242.093708,40627478.153991,events/second
1779785739,352321536,1749391.332442,2403566.732871,26521242.093708,40627478.153991,events/second
1779785740,352321536,1740733.904359,2403566.732871,26521242.093708,40627478.153991,events/second
1779785741,352321536,1732163.053019,2403566.732871,26521242.093708,40627478.153991,events/second
1779785742,352321536,1723675.819875,2403566.732871,26521242.093708,40627478.153991,events/second
1779785743,352321536,1715270.865221,2211388.147767,26082884.519055,40402395.749840,events/second
1779785744,352321536,1706946.873925,2211388.147767,26082884.519055,40402395.749840,events/second
1779785745,352321536,1698702.743916,2211388.147767,26082884.519055,40402395.749840,events/second
1779785746,352321536,1690539.926115,2211388.147767,26082884.519055,40402395.749840,events/second
1779785747,352321536,1682455.239733,2211388.147767,26082884.519055,40402395.749840,events/second
1779785748,352321536,1674447.470208,2034575.313931,25651772.357816,40178560.336420,events/second
1779785749,352321536,1666516.089910,2034575.313931,25651772.357816,40178560.336420,events/second
1779785750,352321536,1658659.590399,2034575.313931,25651772.357816,40178560.336420,events/second
1779785751,352321536,1650875.260097,2034575.313931,25651772.357816,40178560.336420,events/second
1779785752,352321536,1643162.762076,2034575.313931,25651772.357816,40178560.336420,events/second
1779785753,352321536,1635521.646694,1871899.653725,25227785.853842,39955965.005212,events/second
1779785754,352321536,1627953.047520,1871899.653725,25227785.853842,39955965.005212,events/second
1779785755,352321536,1620449.230171,1871899.653725,25227785.853842,39955965.005212,events/second
1779785756,352321536,1613014.039151,1871899.653725,25227785.853842,39955965.005212,events/second
1779785757,352321536,1605650.892242,1871899.653725,25227785.853842,39955965.005212,events/second
1779785758,352321536,1598355.563176,1722230.821156,24810807.230379,39734602.885972,events/second
1779785759,352321536,1591122.420101,1722230.821156,24810807.230379,39734602.885972,events/second
1779785760,352321536,1583956.358967,1722230.821156,24810807.230379,39734602.885972,events/second
1779785761,352321536,1576857.456674,1722230.821156,24810807.230379,39734602.885972,events/second
1779785762,352321536,1569816.838158,1722230.821156,24810807.230379,39734602.885972,events/second
1779785763,352321536,1562842.915017,1584528.847707,24400720.657349,39514467.146518,events/second
1779785764,352321536,1555930.623742,1584528.847707,24400720.657349,39514467.146518,events/second
1779785765,352321536,1549074.393258,1584528.847707,24400720.657349,39514467.146518,events/second
1779785766,352321536,1542281.690815,1584528.847707,24400720.657349,39514467.146518,events/second
1779785767,352321536,1535547.205618,1584528.847707,24400720.657349,39514467.146518,events/second
1779785768,352321536,1528871.586385,1457836.916152,23997412.219178,39295550.992521,events/second
1779785769,352321536,1522251.875469,1457836.916152,23997412.219178,39295550.992521,events/second
1779785770,352321536,1515693.046335,1457836.916152,23997412.219178,39295550.992521,events/second
1779785771,352321536,1509186.816013,1457836.916152,23997412.219178,39295550.992521,events/second
1779785772,352321536,1502738.321196,1457836.916152,23997412.219178,39295550.992521,events/second
1779785773,352321536,1496342.846509,1341274.712146,23600769.883151,39077847.667291,events/second
1779785774,352321536,1490004.186938,1341274.712146,23600769.883151,39077847.667291,events/second
1779785775,352321536,1483720.099819,1341274.712146,23600769.883151,39077847.667291,events/second
1779785776,352321536,1477489.710660,1341274.712146,23600769.883151,39077847.667291,events/second
1779785777,352321536,1471311.021611,1341274.712146,23600769.883151,39077847.667291,events/second
1779785778,352321536,1465179.021564,1234032.307393,23210683.468292,38861350.451573,events/second
1779785779,352321536,1459097.717201,1234032.307393,23210683.468292,38861350.451573,events/second
1779785780,352321536,1453069.847750,1234032.307393,23210683.468292,38861350.451573,events/second
1779785781,352321536,1447092.639620,1234032.307393,23210683.468292,38861350.451573,events/second
1779785782,352321536,1441164.906532,1234032.307393,23210683.468292,38861350.451573,events/second
1779785783,352321536,1435281.873426,1135364.531889,22827044.614755,38646052.663336,events/second
1779785784,352321536,1429450.364594,1135364.531889,22827044.614755,38646052.663336,events/second
1779785785,352321536,1423664.634143,1135364.531889,22827044.614755,38646052.663336,events/second
1779785786,352321536,1417923.629340,1135364.531889,22827044.614755,38646052.663336,events/second
1779785787,352321536,1412230.185521,1135364.531889,22827044.614755,38646052.663336,events/second
1779785788,352321536,1406580.610546,1044585.796133,22449746.753724,38431947.657571,events/second
1779785789,352321536,1400978.125622,1044585.796133,22449746.753724,38431947.657571,events/second
1779785790,352321536,1395418.764535,1044585.796133,22449746.753724,38431947.657571,events/second
1779785791,352321536,1389904.343610,1044585.796133,22449746.753724,38431947.657571,events/second
1779785792,352321536,1384434.756144,1044585.796133,22449746.753724,38431947.657571,events/second
1779785793,352321536,1379007.088464,961065.327333,22078685.077812,38219028.826080,events/second
1779785794,352321536,1373622.521572,961065.327333,22078685.077812,38219028.826080,events/second
1779785795,352321536,1368276.996741,961065.327333,22078685.077812,38219028.826080,events/second
1779785796,402653184,1557664.161682,961065.327333,22078685.077812,38219028.826080,events/second
1779785797,402653184,1551651.491429,961065.327333,22078685.077812,38219028.826080,events/second
1779785798,402653184,1545682.858159,1689082.062209,21880138.305586,38063058.593295,events/second
1779785799,402653184,1539763.178936,1689082.062209,21880138.305586,38063058.593295,events/second
1779785800,402653184,1533890.945076,1689082.062209,21880138.305586,38063058.593295,events/second
1779785801,402653184,1528060.716773,1689082.062209,21880138.305586,38063058.593295,events/second
1779785802,402653184,1522274.253133,1689082.062209,21880138.305586,38063058.593295,events/second
1779785803,402653184,1516532.798372,1554030.517186,21518491.429213,37852183.463289,events/second
1779785804,402653184,1510834.483500,1554030.517186,21518491.429213,37852183.463289,events/second
1779785805,402653184,1505174.903717,1554030.517186,21518491.429213,37852183.463289,events/second
1779785806,402653184,1499560.022792,1554030.517186,21518491.429213,37852183.463289,events/second
1779785807,402653184,1493988.340974,1554030.517186,21518491.429213,37852183.463289,events/second
1779785808,402653184,1488457.768994,1429777.097501,21162822.049936,37642476.613556,events/second
1779785809,402653184,1482964.256584,1429777.097501,21162822.049936,37642476.613556,events/second
1779785810,402653184,1477513.933596,1429777.097501,21162822.049936,37642476.613556,events/second
1779785811,402653184,1472099.674857,1429777.097501,21162822.049936,37642476.613556,events/second
1779785812,402653184,1466729.205045,1429777.097501,21162822.049936,37642476.613556,events/second
1779785813,402653184,1461393.956271,1315458.432720,20813031.368418,37433931.571645,events/second
1779785814,402653184,1456101.744745,1315458.432720,20813031.368418,37433931.571645,events/second
1779785815,402653184,1450847.669577,1315458.432720,20813031.368418,37433931.571645,events/second
1779785816,402653184,1445627.366365,1315458.432720,20813031.368418,37433931.571645,events/second
1779785817,402653184,1440448.855766,1315458.432720,20813031.368418,37433931.571645,events/second
1779785818,402653184,1435307.387418,1210280.183701,20469022.218333,37226541.900964,events/second
1779785819,402653184,1430201.369518,1210280.183701,20469022.218333,37226541.900964,events/second
1779785820,402653184,1425131.049809,1210280.183701,20469022.218333,37226541.900964,events/second
1779785821,402653184,1420097.642246,1210280.183701,20469022.218333,37226541.900964,events/second
1779785822,402653184,1415096.379356,1210280.183701,20469022.218333,37226541.900964,events/second
1779785823,402653184,1410131.487809,1113511.523151,20130699.039371,37020301.200580,events/second
1779785824,402653184,1405201.200865,1113511.523151,20130699.039371,37020301.200580,events/second
1779785825,402653184,1400306.130715,1113511.523151,20130699.039371,37020301.200580,events/second
1779785826,402653184,1395445.460574,1113511.523151,20130699.039371,37020301.200580,events/second
1779785827,402653184,1390616.619626,1113511.523151,20130699.039371,37020301.200580,events/second
1779785828,402653184,1385822.938003,1024480.057500,19797967.850696,36815203.105025,events/second
1779785829,402653184,1381059.514336,1024480.057500,19797967.850696,36815203.105025,events/second
1779785830,402653184,1376332.497226,1024480.057500,19797967.850696,36815203.105025,events/second
1779785831,402653184,1371636.859945,1024480.057500,19797967.850696,36815203.105025,events/second
1779785832,402653184,1366972.899272,1024480.057500,19797967.850696,36815203.105025,events/second
1779785833,402653184,1362337.544564,942567.154802,19470736.224838,36611241.284092,events/second
1779785834,402653184,1357736.781763,942567.154802,19470736.224838,36611241.284092,events/second
1779785835,402653184,1353167.254531,942567.154802,19470736.224838,36611241.284092,events/second
1779785836,402653184,1348628.573562,942567.154802,19470736.224838,36611241.284092,events/second
1779785837,402653184,1344117.328902,942567.154802,19470736.224838,36611241.284092,events/second
1779785838,402653184,1339637.789056,867203.646189,19148913.262018,36408409.442649,events/second
1779785839,402653184,1335189.620217,867203.646189,19148913.262018,36408409.442649,events/second
1779785840,402653184,1330770.722885,867203.646189,19148913.262018,36408409.442649,events/second
1779785841,402653184,1326381.399584,867203.646189,19148913.262018,36408409.442649,events/second
1779785842,402653184,1322020.822556,867203.646189,19148913.262018,36408409.442649,events/second
1779785843,402653184,1317687.383723,797865.871022,18832409.564901,36206701.320437,events/second
1779785844,402653184,1313380.205231,797865.871022,18832409.564901,36206701.320437,events/second
1779785845,402653184,1309100.155404,797865.871022,18832409.564901,36206701.320437,events/second
1779785846,402653184,1304851.384933,797865.871022,18832409.564901,36206701.320437,events/second
1779785847,402653184,1300627.015201,797865.871022,18832409.564901,36206701.320437,events/second
1779785848,402653184,1296432.780471,734072.038258,18521137.213757,36006110.691880,events/second
1779785849,402653184,1292262.658502,734072.038258,18521137.213757,36006110.691880,events/second
1779785850,402653184,1288122.230564,734072.038258,18521137.213757,36006110.691880,events/second
1779785851,402653184,1284008.358135,734072.038258,18521137.213757,36006110.691880,events/second
1779785852,402653184,1279918.653359,734072.038258,18521137.213757,36006110.691880,events/second
1779785853,402653184,1275857.410371,675378.878734,18215009.742044,35806631.365895,events/second
1779785854,402653184,1271821.686608,675378.878734,18215009.742044,35806631.365895,events/second
1779785855,402653184,1267811.841806,675378.878734,18215009.742044,35806631.365895,events/second
1779785856,402653184,1263825.838823,675378.878734,18215009.742044,35806631.365895,events/second
1779785857,402653184,1259863.453459,675378.878734,18215009.742044,35806631.365895,events/second
1779785858,402653184,1255926.808490,621378.565138,17913942.112383,35608257.185695,events/second
1779785859,402653184,1252013.408995,621378.565138,17913942.112383,35608257.185695,events/second
1779785860,402653184,1248127.374402,621378.565138,17913942.112383,35608257.185695,events/second
1779785861,402653184,1244264.623293,621378.565138,17913942.112383,35608257.185695,events/second
1779785862,402653184,1240425.377878,621378.565138,17913942.112383,35608257.185695,events/second
1779785863,402653184,1236608.062100,571695.878226,17617850.692941,35410982.028606,events/second
1779785864,402653184,1232816.708316,571695.878226,17617850.692941,35410982.028606,events/second
1779785865,402653184,1229047.636374,571695.878226,17617850.692941,35410982.028606,events/second
1779785866,402653184,1225301.302347,571695.878226,17617850.692941,35410982.028606,events/second
1779785867,402653184,1221578.904070,571695.878226,17617850.692941,35410982.028606,events/second
1779785868,402653184,1217876.149853,525985.599628,17326653.234199,35214799.805871,events/second
1779785869,402653184,1214197.730572,525985.599628,17326653.234199,35214799.805871,events/second
1779785870,402653184,1210542.679937,525985.599628,17326653.234199,35214799.805871,events/second
1779785871,402653184,1206908.467383,525985.599628,17326653.234199,35214799.805871,events/second
1779785872,402653184,1203297.077029,525985.599628,17326653.234199,35214799.805871,events/second
1779785873,402653184,1199704.141265,483930.113113,17040268.846101,35019704.462470,events/second
1779785874,402653184,1196134.261579,483930.113113,17040268.846101,35019704.462470,events/second
1779785875,402653184,1192584.261183,483930.113113,17040268.846101,35019704.462470,events/second
1779785876,402653184,1189056.484688,483930.113113,17040268.846101,35019704.462470,events/second
1779785877,402653184,1185548.242673,483930.113113,17040268.846101,35019704.462470,events/second
1779785878,402653184,1182062.668468,445237.197641,16758617.975586,34825689.976924,events/second
1779785879,402653184,1178597.335277,445237.197641,16758617.975586,34825689.976924,events/second
1779785880,402653184,1175152.558927,445237.197641,16758617.975586,34825689.976924,events/second
1779785881,402653184,1171728.006349,445237.197641,16758617.975586,34825689.976924,events/second
1779785882,402653184,1168323.529089,445237.197641,16758617.975586,34825689.976924,events/second
1779785883,402653184,1164938.051321,409637.996875,16481622.384491,34632750.361117,events/second
1779785884,402653184,1161571.796681,409637.996875,16481622.384491,34632750.361117,events/second
1779785885,402653184,1158225.136324,409637.996875,16481622.384491,34632750.361117,events/second
1779785886,402653184,1154897.555223,409637.996875,16481622.384491,34632750.361117,events/second
1779785887,402653184,1151589.864462,409637.996875,16481622.384491,34632750.361117,events/second
1779785888,402653184,1148298.734481,376885.151045,16209205.127814,34440879.660108,events/second
1779785889,402653184,1145028.908113,376885.151045,16209205.127814,34440879.660108,events/second
1779785890,402653184,1141777.728221,376885.151045,16209205.127814,34440879.660108,events/second
1779785891,402653184,1138543.849787,376885.151045,16209205.127814,34440879.660108,events/second
1779785892,402653184,1135326.636281,376885.151045,16209205.127814,34440879.660108,events/second
1779785893,402653184,1132129.111914,346751.078175,15941290.532344,34250071.951946,events/second
1779785894,402653184,1128950.368861,346751.078175,15941290.532344,34250071.951946,events/second
1779785895,402653184,1125787.549570,346751.078175,15941290.532344,34250071.951946,events/second
1779785896,402653184,1122643.672333,346751.078175,15941290.532344,34250071.951946,events/second
1779785897,402653184,1119515.581053,346751.078175,15941290.532344,34250071.951946,events/second
1779785898,402653184,1116407.233267,319026.392742,15677804.175637,34060321.347489,events/second
1779785899,402653184,1113315.439319,319026.392742,15677804.175637,34060321.347489,events/second
1779785900,452984832,1249009.384391,319026.392742,15677804.175637,34060321.347489,events/second
1779785901,452984832,1245570.454637,319026.392742,15677804.175637,34060321.347489,events/second
1779785902,452984832,1242149.015235,319026.392742,15677804.175637,34060321.347489,events/second
1779785903,452984832,1238746.910561,1098377.726464,15585054.658985,33927390.986239,events/second
1779785904,452984832,1235361.203754,1098377.726464,15585054.658985,33927390.986239,events/second
1779785905,452984832,1231995.720722,1098377.726464,15585054.658985,33927390.986239,events/second
1779785906,452984832,1228649.595528,1098377.726464,15585054.658985,33927390.986239,events/second
1779785907,452984832,1225321.625283,1098377.726464,15585054.658985,33927390.986239,events/second
1779785908,452984832,1222010.943830,1010556.292386,15327456.363361,33739428.083378,events/second
1779785909,452984832,1218717.173171,1010556.292386,15327456.363361,33739428.083378,events/second
1779785910,452984832,1215441.619673,1010556.292386,15327456.363361,33739428.083378,events/second
1779785911,452984832,1212184.634710,1010556.292386,15327456.363361,33739428.083378,events/second
1779785912,452984832,1208944.772809,1010556.292386,15327456.363361,33739428.083378,events/second
1779785913,452984832,1205719.680823,929756.672478,15074115.793062,33552506.523568,events/second
1779785914,452984832,1202514.290257,929756.672478,15074115.793062,33552506.523568,events/second
1779785915,452984832,1199325.135557,929756.672478,15074115.793062,33552506.523568,events/second
1779785916,452984832,1196153.893644,929756.672478,15074115.793062,33552506.523568,events/second
1779785917,452984832,1192996.971585,929756.672478,15074115.793062,33552506.523568,events/second
1779785918,452984832,1189858.719935,855417.433478,14824962.574078,33366620.537611,events/second
1779785919,452984832,1186737.600455,855417.433478,14824962.574078,33366620.537611,events/second
1779785920,452984832,1183632.365802,855417.433478,14824962.574078,33366620.537611,events/second
1779785921,452984832,1180543.241882,855417.433478,14824962.574078,33366620.537611,events/second
1779785922,452984832,1177469.496997,855417.433478,14824962.574078,33366620.537611,events/second
1779785923,452984832,1174410.215614,787022.031848,14579927.495580,33181764.388270,events/second
1779785924,452984832,1171369.022512,787022.031848,14579927.495580,33181764.388270,events/second
1779785925,452984832,1168343.490278,787022.031848,14579927.495580,33181764.388270,events/second
1779785926,452984832,1165333.759381,787022.031848,14579927.495580,33181764.388270,events/second
1779785927,452984832,1162339.405256,787022.031848,14579927.495580,33181764.388270,events/second
1779785928,452984832,1159358.067531,724095.224592,14338942.490692,32997932.370093,events/second
1779785929,452984832,1156394.186716,724095.224592,14338942.490692,32997932.370093,events/second
1779785930,452984832,1153445.172388,724095.224592,14338942.490692,32997932.370093,events/second
1779785931,452984832,1150509.323835,724095.224592,14338942.490692,32997932.370093,events/second
1779785932,452984832,1147589.842456,724095.224592,14338942.490692,32997932.370093,events/second
1779785933,452984832,1144685.153099,666199.767046,14101940.617585,32815118.809238,events/second
1779785934,452984832,1141793.678188,666199.767046,14101940.617585,32815118.809238,events/second
1779785935,452984832,1138918.511364,666199.767046,14101940.617585,32815118.809238,events/second
1779785936,452984832,1136056.406114,666199.767046,14101940.617585,32815118.809238,events/second
1779785937,452984832,1133210.057120,666199.767046,14101940.617585,32815118.809238,events/second
1779785938,452984832,1130377.966096,612933.374698,13868856.040883,32633318.063298,events/second
1779785939,452984832,1127559.838711,612933.374698,13868856.040883,32633318.063298,events/second
1779785940,452984832,1124755.885614,612933.374698,13868856.040883,32633318.063298,events/second
1779785941,452984832,1121964.706969,612933.374698,13868856.040883,32633318.063298,events/second
1779785942,452984832,1119188.116064,612933.374698,13868856.040883,32633318.063298,events/second
1779785944,452984832,1116425.787545,563925.927931,13639624.013370,32452524.521123,events/second
1779785945,452984832,1113677.359852,563925.927931,13639624.013370,32452524.521123,events/second
1779785946,452984832,1110942.065746,563925.927931,13639624.013370,32452524.521123,events/second
1779785947,452984832,1108218.905968,563925.927931,13639624.013370,32452524.521123,events/second
1779785948,452984832,1105509.942436,563925.927931,13639624.013370,32452524.521123,events/second
1779785949,452984832,1102814.860979,518836.900257,13414180.858009,32272732.602651,events/second
1779785950,452984832,1100132.987004,518836.900257,13414180.858009,32272732.602651,events/second
1779785951,452984832,1097463.613008,518836.900257,13414180.858009,32272732.602651,events/second
1779785952,452984832,1094807.283402,518836.900257,13414180.858009,32272732.602651,events/second
1779785953,452984832,1092163.879024,518836.900257,13414180.858009,32272732.602651,events/second
1779785954,452984832,1089531.825455,477352.992185,13192463.950252,32093936.758735,events/second
1779785955,452984832,1086913.725394,477352.992185,13192463.950252,32093936.758735,events/second
1779785956,452984832,1084307.832563,477352.992185,13192463.950252,32093936.758735,events/second
1779785957,452984832,1081715.158167,477352.992185,13192463.950252,32093936.758735,events/second
1779785958,452984832,1079134.605849,477352.992185,13192463.950252,32093936.758735,events/second
1779785959,452984832,1076565.863486,439185.954267,12974411.700644,31916131.470970,events/second
1779785960,452984832,1074009.602976,439185.954267,12974411.700644,31916131.470970,events/second
1779785961,452984832,1071465.663540,439185.954267,12974411.700644,31916131.470970,events/second
1779785962,452984832,1068932.806846,439185.954267,12974411.700644,31916131.470970,events/second
1779785963,452984832,1066412.399686,439185.954267,12974411.700644,31916131.470970,events/second
1779785964,452984832,1063904.351179,404070.584207,12759963.537712,31739311.251525,events/second
1779785965,452984832,1061407.972212,404070.584207,12759963.537712,31739311.251525,events/second
1779785966,452984832,1058922.709671,404070.584207,12759963.537712,31739311.251525,events/second
1779785967,452984832,1056449.209043,404070.584207,12759963.537712,31739311.251525,events/second
1779785968,452984832,1053987.968503,404070.584207,12759963.537712,31739311.251525,events/second
1779785969,452984832,1051535.723697,371762.884115,12549059.891145,31563470.642972,events/second
1779785970,452984832,1049096.740047,371762.884115,12549059.891145,31563470.642972,events/second
1779785971,452984832,1046669.431725,371762.884115,12549059.891145,31563470.642972,events/second
1779785972,452984832,1044253.606277,371762.884115,12549059.891145,31563470.642972,events/second
1779785973,452984832,1041848.806381,371762.884115,12549059.891145,31563470.642972,events/second
1779785974,452984832,1039453.643974,342038.365097,12341642.175239,31388604.218117,events/second
1779785975,452984832,1037069.514580,342038.365097,12341642.175239,31388604.218117,events/second
1779785976,452984832,1034696.214422,342038.365097,12341642.175239,31388604.218117,events/second
1779785977,452984832,1032334.720765,342038.365097,12341642.175239,31388604.218117,events/second
1779785978,452984832,1029983.012269,342038.365097,12341642.175239,31388604.218117,events/second
1779785979,452984832,1027642.463911,314690.487396,12137652.772628,31214706.579834,events/second
1779785980,452984832,1025312.968958,314690.487396,12137652.772628,31214706.579834,events/second
1779785981,452984832,1022994.268078,314690.487396,12137652.772628,31214706.579834,events/second
1779785982,452984832,1020686.078046,314690.487396,12137652.772628,31214706.579834,events/second
1779785983,452984832,1018386.563026,314690.487396,12137652.772628,31214706.579834,events/second
1779785984,452984832,1016099.162575,289529.225266,11937035.018279,31041772.360900,events/second
1779785985,452984832,1013821.432603,289529.225266,11937035.018279,31041772.360900,events/second
1779785986,452984832,1011554.215773,289529.225266,11937035.018279,31041772.360900,events/second
1779785987,452984832,1009297.328099,289529.225266,11937035.018279,31041772.360900,events/second
1779785988,452984832,1007050.009703,289529.225266,11937035.018279,31041772.360900,events/second
1779785989,452984832,1004813.043132,266379.746578,11739733.183746,30869796.223823,events/second
1779785990,452984832,1002586.289410,266379.746578,11739733.183746,30869796.223823,events/second
1779785991,452984832,1000368.856245,266379.746578,11739733.183746,30869796.223823,events/second
1779785992,452984832,998160.063451,266379.746578,11739733.183746,30869796.223823,events/second
1779785993,452984832,995962.548955,266379.746578,11739733.183746,30869796.223823,events/second
1779785994,452984832,993773.479368,245081.198009,11545692.461697,30698772.860685,events/second
1779785995,452984832,991593.618338,245081.198009,11545692.461697,30698772.860685,events/second
1779785996,452984832,989424.849630,245081.198009,11545692.461697,30698772.860685,events/second
1779785997,452984832,987265.080921,245081.198009,11545692.461697,30698772.860685,events/second
1779785998,452984832,985114.792084,245081.198009,11545692.461697,30698772.860685,events/second
1779785999,452984832,982972.465963,225485.587359,11354858.950682,30528696.992974,events/second
1779786000,452984832,980840.495563,225485.587359,11354858.950682,30528696.992974,events/second
1779786001,452984832,978718.531763,225485.587359,11354858.950682,30528696.992974,events/second
1779786002,452984832,976604.021112,225485.587359,11354858.950682,30528696.992974,events/second
1779786003,452984832,974500.358254,225485.587359,11354858.950682,30528696.992974,events/second
1779786004,503316480,1080440.506891,1012316.030931,11333561.433807,30415332.367437,events/second
1779786005,503316480,1078123.069819,1012316.030931,11333561.433807,30415332.367437,events/second
1779786006,503316480,1075814.963295,1012316.030931,11333561.433807,30415332.367437,events/second
1779786007,503316480,1073516.302830,1012316.030931,11333561.433807,30415332.367437,events/second
1779786008,503316480,1071227.644282,1012316.030931,11333561.433807,30415332.367437,events/second
1779786009,503316480,1068949.134248,931375.710098,11146234.140283,30246826.803140,events/second
1779786010,503316480,1066680.064789,931375.710098,11146234.140283,30246826.803140,events/second
1779786011,503316480,1064419.466081,931375.710098,11146234.140283,30246826.803140,events/second
1779786012,503316480,1062169.866291,931375.710098,11146234.140283,30246826.803140,events/second
1779786013,503316480,1059929.696242,931375.710098,11146234.140283,30246826.803140,events/second
1779786014,503316480,1057698.299096,856907.019997,10962003.094580,30079254.785281,events/second
1779786015,503316480,1055476.745708,856907.019997,10962003.094580,30079254.785281,events/second
1779786016,503316480,1053264.942639,856907.019997,10962003.094580,30079254.785281,events/second
1779786017,503316480,1051062.671112,856907.019997,10962003.094580,30079254.785281,events/second
1779786018,503316480,1048869.319506,856907.019997,10962003.094580,30079254.785281,events/second
1779786019,503316480,1046684.710631,788392.517605,10780817.120224,29912611.141871,events/second
1779786020,503316480,1044509.584086,788392.517605,10780817.120224,29912611.141871,events/second
1779786021,503316480,1042342.467936,788392.517605,10780817.120224,29912611.141871,events/second
1779786022,503316480,1040185.376507,788392.517605,10780817.120224,29912611.141871,events/second
1779786023,503316480,1038037.227742,788392.517605,10780817.120224,29912611.141871,events/second
1779786024,503316480,1035897.778469,725356.132358,10602625.886611,29746890.729574,events/second
1779786025,503316480,1033767.252740,725356.132358,10602625.886611,29746890.729574,events/second
1779786026,503316480,1031645.389303,725356.132358,10602625.886611,29746890.729574,events/second
1779786027,503316480,1029532.184842,725356.132358,10602625.886611,29746890.729574,events/second
1779786028,503316480,1027426.243715,725356.132358,10602625.886611,29746890.729574,events/second
1779786029,503316480,1025330.139335,667359.858193,10427379.895032,29582088.433551,events/second
1779786030,503316480,1023240.876213,667359.858193,10427379.895032,29582088.433551,events/second
1779786031,503316480,1021161.756786,667359.858193,10427379.895032,29582088.433551,events/second
1779786032,503316480,1019090.812382,667359.858193,10427379.895032,29582088.433551,events/second
1779786033,503316480,1017027.231000,667359.858193,10427379.895032,29582088.433551,events/second
1779786034,503316480,1014973.461331,614000.710078,10255030.464918,29418199.167296,events/second
1779786035,503316480,1012927.435909,614000.710078,10255030.464918,29418199.167296,events/second
1779786036,503316480,1010888.643162,614000.710078,10255030.464918,29418199.167296,events/second
1779786037,503316480,1008858.905464,614000.710078,10255030.464918,29418199.167296,events/second
1779786038,503316480,1006836.587219,614000.710078,10255030.464918,29418199.167296,events/second
1779786039,503316480,1004823.174885,564907.923886,10085529.720318,29255217.872487,events/second
1779786040,503316480,1002817.214594,564907.923886,10085529.720318,29255217.872487,events/second
1779786041,503316480,1000820.083653,564907.923886,10085529.720318,29255217.872487,events/second
1779786042,503316480,998831.116865,564907.923886,10085529.720318,29255217.872487,events/second
1779786043,503316480,996849.654012,564907.923886,10085529.720318,29255217.872487,events/second
1779786044,503316480,994876.460758,519740.380151,9918830.576602,29093139.518824,events/second
1779786045,503316480,992909.920801,519740.380151,9918830.576602,29093139.518824,events/second
1779786046,503316480,990952.435187,519740.380151,9918830.576602,29093139.518824,events/second
1779786047,503316480,989002.188161,519740.380151,9918830.576602,29093139.518824,events/second
1779786048,503316480,987059.885132,519740.380151,9918830.576602,29093139.518824,events/second
1779786049,503316480,985124.087558,478184.233816,9754886.727381,28931959.103875,events/second
1779786050,503316480,983197.028295,478184.233816,9754886.727381,28931959.103875,events/second
1779786051,503316480,981276.582777,478184.233816,9754886.727381,28931959.103875,events/second
1779786052,503316480,979364.564738,478184.233816,9754886.727381,28931959.103875,events/second
1779786053,503316480,977458.595102,478184.233816,9754886.727381,28931959.103875,events/second
1779786054,503316480,975560.829059,439950.733486,9593652.631643,28771671.652923,events/second
1779786055,503316480,973671.001652,439950.733486,9593652.631643,28771671.652923,events/second
1779786056,503316480,971788.542991,439950.733486,9593652.631643,28771671.652923,events/second
1779786057,503316480,969911.938525,439950.733486,9593652.631643,28771671.652923,events/second
1779786058,503316480,968043.432507,439950.733486,9593652.631643,28771671.652923,events/second
1779786059,503316480,966182.772122,404774.215056,9435083.501101,28612272.218813,events/second
1779786060,503316480,964328.600911,404774.215056,9435083.501101,28612272.218813,events/second
1779786061,503316480,962480.961161,404774.215056,9435083.501101,28612272.218813,events/second
1779786062,503316480,960640.917095,404774.215056,9435083.501101,28612272.218813,events/second
1779786063,503316480,958808.064647,404774.215056,9435083.501101,28612272.218813,events/second
1779786064,503316480,956982.325606,372410.255748,9279135.287756,28453755.881795,events/second
1779786065,503316480,955163.894442,372410.255748,9279135.287756,28453755.881795,events/second
1779786066,503316480,953352.009045,372410.255748,9279135.287756,28453755.881795,events/second
1779786067,503316480,951546.211298,372410.255748,9279135.287756,28453755.881795,events/second
1779786068,503316480,949748.055217,372410.255748,9279135.287756,28453755.881795,events/second
1779786069,503316480,947956.870413,342633.975752,9125764.671657,28296117.749379,events/second
1779786070,503316480,946171.776040,342633.975752,9125764.671657,28296117.749379,events/second
1779786071,503316480,944393.918874,342633.975752,9125764.671657,28296117.749379,events/second
1779786072,503316480,942622.556600,342633.975752,9125764.671657,28296117.749379,events/second
1779786073,503316480,940857.887308,342633.975752,9125764.671657,28296117.749379,events/second
1779786074,503316480,939099.125396,315238.475652,8974929.048869,28139352.956176,events/second
1779786075,503316480,937347.468292,315238.475652,8974929.048869,28139352.956176,events/second
1779786076,503316480,935602.660525,315238.475652,8974929.048869,28139352.956176,events/second
1779786077,503316480,933864.211227,315238.475652,8974929.048869,28139352.956176,events/second
1779786078,503316480,932132.129713,315238.475652,8974929.048869,28139352.956176,events/second
1779786079,503316480,930406.077056,290033.398800,8826586.519637,27983456.663755,events/second
1779786080,503316480,928686.113447,290033.398800,8826586.519637,27983456.663755,events/second
1779786081,503316480,926972.643616,290033.398800,8826586.519637,27983456.663755,events/second
1779786082,503316480,925265.608523,290033.398800,8826586.519637,27983456.663755,events/second
1779786083,503316480,923564.914004,290033.398800,8826586.519637,27983456.663755,events/second
1779786084,503316480,921870.446574,266843.608622,8680695.876749,27828424.060489,events/second
1779786085,503316480,920181.826994,266843.608622,8680695.876749,27828424.060489,events/second
1779786086,503316480,918499.967327,266843.608622,8680695.876749,27828424.060489,events/second
1779786087,503316480,916824.756324,266843.608622,8680695.876749,27828424.060489,events/second
1779786088,503316480,915154.913397,266843.608622,8680695.876749,27828424.060489,events/second
1779786089,503316480,913490.404898,245507.971692,8537216.594090,27674250.361410,events/second
1779786090,503316480,911833.016066,245507.971692,8537216.594090,27674250.361410,events/second
1779786091,503316480,910181.529821,245507.971692,8537216.594090,27674250.361410,events/second
1779786092,503316480,908536.308426,245507.971692,8537216.594090,27674250.361410,events/second
1779786093,503316480,906897.176430,245507.971692,8537216.594090,27674250.361410,events/second
1779786094,503316480,905262.396461,225878.238103,8396108.815380,27520930.808057,events/second
1779786095,503316480,903634.573353,225878.238103,8396108.815380,27520930.808057,events/second
1779786096,503316480,902011.530040,225878.238103,8396108.815380,27520930.808057,events/second
1779786097,503316480,900395.602405,225878.238103,8396108.815380,27520930.808057,events/second
1779786098,503316480,898785.292699,225878.238103,8396108.815380,27520930.808057,events/second
1779786099,503316480,897180.656912,207818.011353,8257333.343106,27368460.668334,events/second
1779786100,503316480,895581.094882,207818.011353,8257333.343106,27368460.668334,events/second
1779786101,503316480,893987.894611,207818.011353,8257333.343106,27368460.668334,events/second
1779786102,503316480,892399.283375,207818.011353,8257333.343106,27368460.668334,events/second
1779786103,503316480,890817.309833,191201.800604,8120851.627634,27216835.236359,events/second
1779786104,503316480,889239.972809,191201.800604,8120851.627634,27216835.236359,events/second
1779786105,553648128,976429.185541,191201.800604,8120851.627634,27216835.236359,events/second
1779786106,553648128,974706.366776,191201.800604,8120851.627634,27216835.236359,events/second
1779786107,553648128,972991.077060,191201.800604,8120851.627634,27216835.236359,events/second
1779786108,553648128,971281.294095,980773.424415,8153007.550140,27121818.828341,events/second
1779786109,553648128,969576.679859,980773.424415,8153007.550140,27121818.828341,events/second
1779786110,553648128,967879.401315,980773.424415,8153007.550140,27121818.828341,events/second
1779786111,553648128,966187.640087,980773.424415,8153007.550140,27121818.828341,events/second
1779786112,553648128,964501.787981,980773.424415,8153007.550140,27121818.828341,events/second
1779786113,553648128,962821.143560,902355.111150,8018250.188354,26971559.829648,events/second
1779786114,553648128,961147.411449,902355.111150,8018250.188354,26971559.829648,events/second
1779786115,553648128,959479.098547,902355.111150,8018250.188354,26971559.829648,events/second
1779786116,553648128,957816.863877,902355.111150,8018250.188354,26971559.829648,events/second
1779786117,553648128,956160.466700,902355.111150,8018250.188354,26971559.829648,events/second
1779786118,553648128,954509.753967,830206.780026,7885720.169846,26822133.288647,events/second
1779786119,553648128,952864.359510,830206.780026,7885720.169846,26822133.288647,events/second
1779786120,553648128,951224.901333,830206.780026,7885720.169846,26822133.288647,events/second
1779786121,553648128,949590.092122,830206.780026,7885720.169846,26822133.288647,events/second
1779786122,553648128,947961.626947,830206.780026,7885720.169846,26822133.288647,events/second
1779786123,553648128,946338.946947,763827.110950,7755380.679869,26673534.593395,events/second
1779786124,553648128,944721.578178,763827.110950,7755380.679869,26673534.593395,events/second
1779786125,553648128,943110.122876,763827.110950,7755380.679869,26673534.593395,events/second
1779786126,553648128,941504.080086,763827.110950,7755380.679869,26673534.593395,events/second
1779786127,553648128,939902.540196,763827.110950,7755380.679869,26673534.593395,events/second
1779786128,553648128,938306.904587,702754.867172,7627195.512171,26525759.157501,events/second
1779786129,553648128,936715.970025,702754.867172,7627195.512171,26525759.157501,events/second
1779786130,553648128,935131.553464,702754.867172,7627195.512171,26525759.157501,events/second
1779786131,553648128,933552.477265,702754.867172,7627195.512171,26525759.157501,events/second
1779786132,553648128,931978.697325,702754.867172,7627195.512171,26525759.157501,events/second
1779786133,553648128,930410.248112,646565.690395,7501129.058937,26378802.419983,events/second
1779786134,553648128,928846.992824,646565.690395,7501129.058937,26378802.419983,events/second
1779786135,553648128,927288.150777,646565.690395,7501129.058937,26378802.419983,events/second
1779786136,553648128,925735.377100,646565.690395,7501129.058937,26378802.419983,events/second
1779786137,553648128,924186.618127,646565.690395,7501129.058937,26378802.419983,events/second
1779786138,553648128,922643.944825,594869.152139,7377146.300896,26232659.845127,events/second
1779786139,553648128,921106.690873,594869.152139,7377146.300896,26232659.845127,events/second
1779786140,553648128,919573.733918,594869.152139,7377146.300896,26232659.845127,events/second
1779786141,553648128,918046.455704,594869.152139,7377146.300896,26232659.845127,events/second
1779786142,553648128,916524.628262,594869.152139,7377146.300896,26232659.845127,events/second
1779786143,553648128,915007.625673,547306.040861,7255212.797597,26087326.922349,events/second
1779786144,553648128,913494.604721,547306.040861,7255212.797597,26087326.922349,events/second
1779786145,553648128,911987.667472,547306.040861,7255212.797597,26087326.922349,events/second
1779786146,553648128,910484.561646,547306.040861,7255212.797597,26087326.922349,events/second
1779786147,553648128,908987.352006,547306.040861,7255212.797597,26087326.922349,events/second
1779786148,553648128,907494.876472,503545.865987,7135294.677838,25942799.166054,events/second
1779786149,553648128,906006.799214,503545.865987,7135294.677838,25942799.166054,events/second
1779786150,553648128,904524.263602,503545.865987,7135294.677838,25942799.166054,events/second
1779786151,553648128,903045.905496,503545.865987,7135294.677838,25942799.166054,events/second
1779786152,553648128,901573.079031,503545.865987,7135294.677838,25942799.166054,events/second
1779786153,553648128,900105.357472,463284.561511,7017358.630259,25799072.115495,events/second
1779786154,553648128,898641.971382,463284.561511,7017358.630259,25799072.115495,events/second
1779786155,553648128,897182.702657,463284.561511,7017358.630259,25799072.115495,events/second
1779786156,553648128,895728.625434,463284.561511,7017358.630259,25799072.115495,events/second
1779786157,553648128,894279.657745,463284.561511,7017358.630259,25799072.115495,events/second
1779786158,553648128,892834.787522,426242.373202,6901371.894088,25656141.334643,events/second
1779786159,553648128,891393.902977,426242.373202,6901371.894088,25656141.334643,events/second
1779786160,553648128,889958.949398,426242.373202,6901371.894088,25656141.334643,events/second
1779786161,553648128,888528.420464,426242.373202,6901371.894088,25656141.334643,events/second
1779786162,553648128,887101.705235,426242.373202,6901371.894088,25656141.334643,events/second
1779786163,553648128,885680.362600,392161.914743,6787302.250043,25514002.412041,events/second
1779786164,553648128,884263.544568,392161.914743,6787302.250043,25514002.412041,events/second
1779786165,553648128,882851.615423,392161.914743,6787302.250043,25514002.412041,events/second
1779786166,553648128,881444.119122,392161.914743,6787302.250043,25514002.412041,events/second
1779786167,553648128,880041.170879,392161.914743,6787302.250043,25514002.412041,events/second
1779786168,553648128,878641.492902,360806.379290,6675118.011376,25372650.960675,events/second
1779786169,553648128,877246.967747,360806.379290,6675118.011376,25372650.960675,events/second
1779786170,553648128,875856.361352,360806.379290,6675118.011376,25372650.960675,events/second
1779786171,553648128,874470.709997,360806.379290,6675118.011376,25372650.960675,events/second
1779786172,553648128,873088.617661,360806.379290,6675118.011376,25372650.960675,events/second
1779786173,553648128,871711.819619,331957.894028,6564788.015079,25232082.617834,events/second
1779786174,553648128,870338.636751,331957.894028,6564788.015079,25232082.617834,events/second
1779786175,553648128,868970.489691,331957.894028,6564788.015079,25232082.617834,events/second
1779786176,553648128,867606.425197,331957.894028,6564788.015079,25232082.617834,events/second
1779786177,553648128,866246.475608,331957.894028,6564788.015079,25232082.617834,events/second
1779786178,553648128,864891.257438,305416.006293,6456281.613221,25092293.044978,events/second
1779786179,553648128,863539.854594,305416.006293,6456281.613221,25092293.044978,events/second
1779786180,553648128,862192.149778,305416.006293,6456281.613221,25092293.044978,events/second
1779786181,553648128,860849.499712,305416.006293,6456281.613221,25092293.044978,events/second
1779786182,553648128,859511.188468,305416.006293,6456281.613221,25092293.044978,events/second
1779786183,553648128,858177.054556,280996.290728,6349568.664436,24953277.927603,events/second
1779786184,553648128,856846.793784,280996.290728,6349568.664436,24953277.927603,events/second
1779786185,553648128,855520.011831,280996.290728,6349568.664436,24953277.927603,events/second
1779786186,553648128,854198.045940,280996.290728,6349568.664436,24953277.927603,events/second
1779786187,553648128,852880.055391,280996.290728,6349568.664436,24953277.927603,events/second
1779786188,553648128,851565.687578,258529.067816,6244619.525553,24815032.975108,events/second
1779786189,553648128,850255.819341,258529.067816,6244619.525553,24815032.975108,events/second
1779786190,553648128,848949.204595,258529.067816,6244619.525553,24815032.975108,events/second
1779786191,553648128,847647.270704,258529.067816,6244619.525553,24815032.975108,events/second
1779786192,553648128,846349.693203,258529.067816,6244619.525553,24815032.975108,events/second
1779786193,553648128,845056.190004,237858.224863,6141405.043358,24677553.920663,events/second
1779786194,553648128,843766.585521,237858.224863,6141405.043358,24677553.920663,events/second
1779786195,553648128,842480.740823,237858.224863,6141405.043358,24677553.920663,events/second
1779786196,553648128,841197.998229,237858.224863,6141405.043358,24677553.920663,events/second
1779786197,553648128,839920.144246,237858.224863,6141405.043358,24677553.920663,events/second
1779786198,553648128,838646.086420,218840.131259,6039896.546499,24540836.521075,events/second
1779786199,553648128,837375.411645,218840.131259,6039896.546499,24540836.521075,events/second
1779786200,553648128,836108.231698,218840.131259,6039896.546499,24540836.521075,events/second
1779786201,553648128,834845.715655,218840.131259,6039896.546499,24540836.521075,events/second
1779786202,553648128,833587.047971,218840.131259,6039896.546499,24540836.521075,events/second
1779786203,553648128,832332.177360,201342.640462,5940065.837518,24404876.556661,events/second
1779786204,603979776,906628.346843,201342.640462,5940065.837518,24404876.556661,events/second
1779786205,603979776,905267.178482,201342.640462,5940065.837518,24404876.556661,events/second
1779786206,603979776,903910.527422,201342.640462,5940065.837518,24404876.556661,events/second
1779786207,603979776,902557.596007,201342.640462,5940065.837518,24404876.556661,events/second
1779786208,603979776,901207.945157,990103.447486,6008266.978660,24325438.827132,events/second
1779786209,603979776,899862.564509,990103.447486,6008266.978660,24325438.827132,events/second
1779786210,603979776,898521.578116,990103.447486,6008266.978660,24325438.827132,events/second
1779786211,603979776,897184.838812,990103.447486,6008266.978660,24325438.827132,events/second
1779786212,603979776,895852.213842,990103.447486,6008266.978660,24325438.827132,events/second
1779786213,603979776,894522.591900,910939.146764,5908959.060451,24190672.198683,events/second
1779786214,603979776,893196.607523,910939.146764,5908959.060451,24190672.198683,events/second
1779786215,603979776,891875.661280,910939.146764,5908959.060451,24190672.198683,events/second
1779786216,603979776,890558.355014,910939.146764,5908959.060451,24190672.198683,events/second
1779786217,603979776,889244.682916,910939.146764,5908959.060451,24190672.198683,events/second
1779786218,603979776,887935.024327,838104.474048,5811292.557754,24056652.197838,events/second
1779786219,603979776,886628.792684,838104.474048,5811292.557754,24056652.197838,events/second
1779786220,603979776,885326.132949,838104.474048,5811292.557754,24056652.197838,events/second
1779786221,603979776,884028.351852,838104.474048,5811292.557754,24056652.197838,events/second
1779786222,603979776,882734.471455,838104.474048,5811292.557754,24056652.197838,events/second
1779786223,603979776,881444.323777,771093.340224,5715240.340357,23923374.688169,events/second
1779786224,603979776,880157.865765,771093.340224,5715240.340357,23923374.688169,events/second
1779786225,603979776,878875.270922,771093.340224,5715240.340357,23923374.688169,events/second
1779786226,603979776,877595.815791,771093.340224,5715240.340357,23923374.688169,events/second
1779786227,603979776,876320.205704,771093.340224,5715240.340357,23923374.688169,events/second
1779786228,603979776,875048.051253,709440.120831,5620775.726471,23790835.556160,events/second
1779786229,603979776,873780.320602,709440.120831,5620775.726471,23790835.556160,events/second
1779786230,603979776,872515.860679,709440.120831,5620775.726471,23790835.556160,events/second
1779786231,603979776,871254.610743,709440.120831,5620775.726471,23790835.556160,events/second
1779786232,603979776,869997.704474,709440.120831,5620775.726471,23790835.556160,events/second
1779786233,603979776,868744.594144,652716.420684,5527872.475318,23659030.711089,events/second
1779786234,603979776,867494.868894,652716.420684,5527872.475318,23659030.711089,events/second
1779786235,603979776,866248.334637,652716.420684,5527872.475318,23659030.711089,events/second
1779786236,603979776,865005.650998,652716.420684,5527872.475318,23659030.711089,events/second
1779786237,603979776,863766.518036,652716.420684,5527872.475318,23659030.711089,events/second
1779786238,603979776,862530.416488,600528.097187,5436504.779841,23527956.084893,events/second
1779786239,603979776,861298.559165,600528.097187,5436504.779841,23527956.084893,events/second
1779786240,603979776,860069.349699,600528.097187,5436504.779841,23527956.084893,events/second
1779786241,603979776,858844.155922,600528.097187,5436504.779841,23527956.084893,events/second
1779786242,603979776,857621.946199,600528.097187,5436504.779841,23527956.084893,events/second
1779786243,603979776,856403.552873,552512.521645,5346647.259539,23397607.632048,events/second
1779786244,603979776,855188.643226,552512.521645,5346647.259539,23397607.632048,events/second
1779786245,603979776,853977.822697,552512.521645,5346647.259539,23397607.632048,events/second
1779786246,603979776,852770.206122,552512.521645,5346647.259539,23397607.632048,events/second
1779786247,603979776,851565.404871,552512.521645,5346647.259539,23397607.632048,events/second
1779786248,603979776,850364.622062,508336.059552,5258274.953410,23267981.329445,events/second
1779786249,603979776,849167.299172,508336.059552,5258274.953410,23267981.329445,events/second
1779786250,603979776,847972.689253,508336.059552,5258274.953410,23267981.329445,events/second
1779786251,603979776,846781.805925,508336.059552,5258274.953410,23267981.329445,events/second
1779786252,603979776,845593.636971,508336.059552,5258274.953410,23267981.329445,events/second
1779786253,603979776,844409.553978,467691.752346,5171363.313024,23139073.176260,events/second
1779786254,603979776,843228.071392,467691.752346,5171363.313024,23139073.176260,events/second
1779786255,603979776,842051.021652,467691.752346,5171363.313024,23139073.176260,events/second
1779786256,603979776,840876.635270,467691.752346,5171363.313024,23139073.176260,events/second
1779786257,603979776,839705.896254,467691.752346,5171363.313024,23139073.176260,events/second
1779786258,603979776,838537.668295,430297.184514,5085888.195699,23010879.193838,events/second
1779786259,603979776,837373.230862,430297.184514,5085888.195699,23010879.193838,events/second
1779786260,603979776,836212.352862,430297.184514,5085888.195699,23010879.193838,events/second
1779786261,603979776,835054.468424,430297.184514,5085888.195699,23010879.193838,events/second
1779786262,603979776,833900.048732,430297.184514,5085888.195699,23010879.193838,events/second
1779786263,603979776,832748.629291,395892.521243,5001825.857799,22883395.425563,events/second
1779786264,603979776,831599.577748,395892.521243,5001825.857799,22883395.425563,events/second
1779786265,603979776,830454.477198,395892.521243,5001825.857799,22883395.425563,events/second
1779786266,603979776,829312.377592,395892.521243,5001825.857799,22883395.425563,events/second
1779786267,603979776,828173.566084,395892.521243,5001825.857799,22883395.425563,events/second
1779786268,603979776,827037.965612,364238.702963,4919152.948132,22756617.936742,events/second
1779786269,603979776,825905.373349,364238.702963,4919152.948132,22756617.936742,events/second
1779786270,603979776,824776.040302,364238.702963,4919152.948132,22756617.936742,events/second
1779786271,603979776,823649.798115,364238.702963,4919152.948132,22756617.936742,events/second
1779786272,603979776,822526.482806,364238.702963,4919152.948132,22756617.936742,events/second
1779786273,603979776,821405.914504,335115.784253,4837846.501470,22630542.814478,events/second
1779786274,603979776,820288.452671,335115.784253,4837846.501470,22630542.814478,events/second
1779786275,603979776,819174.157855,335115.784253,4837846.501470,22630542.814478,events/second
1779786276,603979776,818062.999712,335115.784253,4837846.501470,22630542.814478,events/second
1779786277,603979776,816954.103402,335115.784253,4837846.501470,22630542.814478,events/second
1779786278,603979776,815849.160783,308321.405556,4757883.932167,22505166.167554,events/second
1779786279,603979776,814746.992767,308321.405556,4757883.932167,22505166.167554,events/second
1779786280,603979776,813647.539954,308321.405556,4757883.932167,22505166.167554,events/second
1779786281,603979776,812550.702096,308321.405556,4757883.932167,22505166.167554,events/second
1779786282,603979776,811457.252036,308321.405556,4757883.932167,22505166.167554,events/second
1779786283,603979776,810366.932552,283669.387092,4679243.027882,22380484.126310,events/second
1779786284,603979776,809279.561438,283669.387092,4679243.027882,22380484.126310,events/second
1779786285,603979776,808195.051978,283669.387092,4679243.027882,22380484.126310,events/second
1779786286,603979776,807112.946019,283669.387092,4679243.027882,22380484.126310,events/second
1779786287,603979776,806034.414346,283669.387092,4679243.027882,22380484.126310,events/second
1779786288,603979776,804958.306727,260988.435196,4601901.943416,22256492.842527,events/second
1779786289,603979776,803884.704264,260988.435196,4601901.943416,22256492.842527,events/second
1779786290,603979776,802814.451772,260988.435196,4601901.943416,22256492.842527,events/second
1779786291,603979776,801747.064554,260988.435196,4601901.943416,22256492.842527,events/second
1779786292,603979776,800682.095335,260988.435196,4601901.943416,22256492.842527,events/second
1779786293,603979776,799620.438799,240120.952085,4525839.194636,22133188.489301,events/second
1779786294,603979776,798561.417918,240120.952085,4525839.194636,22133188.489301,events/second
1779786295,603979776,797505.532542,240120.952085,4525839.194636,22133188.489301,events/second
1779786296,603979776,796452.491642,240120.952085,4525839.194636,22133188.489301,events/second
1779786297,603979776,795402.224503,240120.952085,4525839.194636,22133188.489301,events/second
1779786298,603979776,794354.632475,220921.940801,4451033.652512,22010567.260934,events/second
1779786299,603979776,793305.863935,220921.940801,4451033.652512,22010567.260934,events/second
1779786300,654311424,858285.402851,220921.940801,4451033.652512,22010567.260934,events/second
1779786301,654311424,857159.412048,220921.940801,4451033.652512,22010567.260934,events/second
1779786302,654311424,856036.399502,220921.940801,4451033.652512,22010567.260934,events/second
1779786303,654311424,854915.607413,1008117.273405,4543846.330885,21944394.368827,events/second
1779786304,654311424,853797.624756,1008117.273405,4543846.330885,21944394.368827,events/second
1779786305,654311424,852683.450972,1008117.273405,4543846.330885,21944394.368827,events/second
1779786306,654311424,851571.785345,1008117.273405,4543846.330885,21944394.368827,events/second
1779786307,654311424,850463.332515,1008117.273405,4543846.330885,21944394.368827,events/second
1779786308,654311424,849357.049915,927512.666688,4468743.156977,21822819.088583,events/second
1779786309,654311424,848254.332301,927512.666688,4468743.156977,21822819.088583,events/second
1779786310,654311424,847154.341946,927512.666688,4468743.156977,21822819.088583,events/second
1779786311,654311424,846057.265153,927512.666688,4468743.156977,21822819.088583,events/second
1779786312,654311424,844963.100112,927512.666688,4468743.156977,21822819.088583,events/second
1779786313,654311424,843871.851631,853352.848484,4394881.329348,21701917.353871,events/second
1779786314,654311424,842782.563708,853352.848484,4394881.329348,21701917.353871,events/second
1779786315,654311424,841695.919940,853352.848484,4394881.329348,21701917.353871,events/second
1779786316,654311424,840612.802470,853352.848484,4394881.329348,21701917.353871,events/second
1779786317,654311424,839532.835890,853352.848484,4394881.329348,21701917.353871,events/second
1779786318,654311424,838455.599371,785122.521956,4322240.330347,21581685.433145,events/second
1779786319,654311424,837380.997135,785122.521956,4322240.330347,21581685.433145,events/second
1779786320,654311424,836309.165722,785122.521956,4322240.330347,21581685.433145,events/second
1779786321,654311424,835240.174871,785122.521956,4322240.330347,21581685.433145,events/second
1779786322,654311424,834173.928870,785122.521956,4322240.330347,21581685.433145,events/second
1779786323,654311424,833110.280217,722347.591125,4250799.981453,21462119.615535,events/second
1779786324,654311424,832049.300866,722347.591125,4250799.981453,21462119.615535,events/second
1779786325,654311424,830991.249350,722347.591125,4250799.981453,21462119.615535,events/second
1779786326,654311424,829935.072926,722347.591125,4250799.981453,21462119.615535,events/second
1779786327,654311424,828881.808246,722347.591125,4250799.981453,21462119.615535,events/second
1779786328,654311424,827830.872860,664591.866636,4180540.437665,21343216.210728,events/second
1779786329,654311424,826783.208000,664591.866636,4180540.437665,21343216.210728,events/second
1779786330,654311424,825737.587145,664591.866636,4180540.437665,21343216.210728,events/second
1779786331,654311424,824695.079091,664591.866636,4180540.437665,21343216.210728,events/second
1779786332,654311424,823655.434816,664591.866636,4180540.437665,21343216.210728,events/second
1779786333,654311424,822617.718841,611454.034906,4111442.181990,21224971.548856,events/second
1779786334,654311424,821583.053040,611454.034906,4111442.181990,21224971.548856,events/second
1779786335,654311424,820551.403924,611454.034906,4111442.181990,21224971.548856,events/second
1779786336,654311424,819522.274629,611454.034906,4111442.181990,21224971.548856,events/second
1779786337,654311424,818495.663620,611454.034906,4111442.181990,21224971.548856,events/second
1779786338,654311424,817471.496117,562564.869618,4043486.020025,21107381.980384,events/second
1779786339,654311424,816449.824803,562564.869618,4043486.020025,21107381.980384,events/second
1779786340,654311424,815430.316484,562564.869618,4043486.020025,21107381.980384,events/second
1779786341,654311424,814413.876921,562564.869618,4043486.020025,21107381.980384,events/second
1779786342,654311424,813399.202154,562564.869618,4043486.020025,21107381.980384,events/second
1779786343,654311424,812387.622759,517584.666159,3976653.074622,20990443.875994,events/second
1779786344,654311424,811378.796611,517584.666159,3976653.074622,20990443.875994,events/second
1779786345,654311424,810372.542230,517584.666159,3976653.074622,20990443.875994,events/second
1779786346,654311424,809368.852189,517584.666159,3976653.074622,20990443.875994,events/second
1779786347,654311424,808367.427179,517584.666159,3976653.074622,20990443.875994,events/second
1779786348,654311424,807368.665369,476200.881197,3910924.780642,20874153.626476,events/second
1779786349,654311424,806372.298860,476200.881197,3910924.780642,20874153.626476,events/second
1779786350,654311424,805378.582565,476200.881197,3910924.780642,20874153.626476,events/second
1779786351,654311424,804386.878198,476200.881197,3910924.780642,20874153.626476,events/second
1779786352,654311424,803397.817880,476200.881197,3910924.780642,20874153.626476,events/second
1779786353,654311424,802411.133017,438125.960987,3846282.879805,20758507.642616,events/second
1779786354,654311424,801426.933426,438125.960987,3846282.879805,20758507.642616,events/second
1779786355,654311424,800445.150832,438125.960987,3846282.879805,20758507.642616,events/second
1779786356,654311424,799465.834458,438125.960987,3846282.879805,20758507.642616,events/second
1779786357,654311424,798488.098348,438125.960987,3846282.879805,20758507.642616,events/second
1779786358,654311424,797513.267199,403095.343310,3782709.415611,20643502.355085,events/second
1779786359,654311424,796540.885551,403095.343310,3782709.415611,20643502.355085,events/second
1779786360,654311424,795570.482930,403095.343310,3782709.415611,20643502.355085,events/second
1779786361,654311424,794602.869135,403095.343310,3782709.415611,20643502.355085,events/second
1779786362,654311424,793637.657001,403095.343310,3782709.415611,20643502.355085,events/second
1779786363,654311424,792674.758851,370865.619176,3720186.728356,20529134.214326,events/second
1779786364,654311424,791714.294008,370865.619176,3720186.728356,20529134.214326,events/second
1779786365,654311424,790756.182122,370865.619176,3720186.728356,20529134.214326,events/second
1779786366,654311424,789800.200682,370865.619176,3720186.728356,20529134.214326,events/second
1779786367,654311424,788846.310401,370865.619176,3720186.728356,20529134.214326,events/second
1779786368,654311424,787894.907246,341212.841501,3658697.450224,20415399.690451,events/second
1779786369,654311424,786946.034908,341212.841501,3658697.450224,20415399.690451,events/second
1779786370,654311424,785999.137878,341212.841501,3658697.450224,20415399.690451,events/second
1779786371,654311424,785054.767174,341212.841501,3658697.450224,20415399.690451,events/second
1779786372,654311424,784112.735264,341212.841501,3658697.450224,20415399.690451,events/second
1779786373,654311424,783172.738083,313930.969022,3598224.500465,20302295.273125,events/second
1779786374,654311424,782234.578891,313930.969022,3598224.500465,20302295.273125,events/second
1779786375,654311424,781298.995120,313930.969022,3598224.500465,20302295.273125,events/second
1779786376,654311424,780365.132159,313930.969022,3598224.500465,20302295.273125,events/second
1779786377,654311424,779434.027783,313930.969022,3598224.500465,20302295.273125,events/second
1779786378,654311424,778505.350204,288830.434628,3538751.080649,20189817.471462,events/second
1779786379,654311424,777578.877691,288830.434628,3538751.080649,20189817.471462,events/second
1779786380,654311424,776653.981039,288830.434628,3538751.080649,20189817.471462,events/second
1779786381,654311424,775731.843159,288830.434628,3538751.080649,20189817.471462,events/second
1779786382,654311424,774812.063599,288830.434628,3538751.080649,20189817.471462,events/second
1779786383,654311424,773894.064857,265736.828155,3480260.669999,20077962.813917,events/second
1779786384,654311424,772978.485259,265736.828155,3480260.669999,20077962.813917,events/second
1779786385,654311424,772064.500698,265736.828155,3480260.669999,20077962.813917,events/second
1779786386,654311424,771153.243167,265736.828155,3480260.669999,20077962.813917,events/second
1779786387,654311424,770243.916756,265736.828155,3480260.669999,20077962.813917,events/second
1779786388,654311424,769337.002879,244489.684505,3422737.020802,19966727.848176,events/second
1779786389,654311424,768432.246729,244489.684505,3422737.020802,19966727.848176,events/second
1779786390,654311424,767529.013788,244489.684505,3422737.020802,19966727.848176,events/second
1779786391,654311424,766628.241051,244489.684505,3422737.020802,19966727.848176,events/second
1779786392,654311424,765729.878638,244489.684505,3422737.020802,19966727.848176,events/second
1779786393,654311424,764833.572389,224941.368663,3366164.153897,19856109.141052,events/second
1779786394,704643072,822703.095223,224941.368663,3366164.153897,19856109.141052,events/second
1779786395,704643072,821742.187941,224941.368663,3366164.153897,19856109.141052,events/second
1779786396,704643072,820783.460170,224941.368663,3366164.153897,19856109.141052,events/second
1779786397,704643072,819826.553849,224941.368663,3366164.153897,19856109.141052,events/second
1779786398,704643072,818872.280547,1011815.325560,3476908.147876,19801872.274396,events/second
1779786399,704643072,817920.361094,1011815.325560,3476908.147876,19801872.274396,events/second
1779786400,704643072,816970.754409,1011815.325560,3476908.147876,19801872.274396,events/second
1779786401,704643072,816023.509690,1011815.325560,3476908.147876,19801872.274396,events/second
1779786402,704643072,815078.320977,1011815.325560,3476908.147876,19801872.274396,events/second
1779786403,704643072,814135.153038,930915.038918,3419439.910996,19692166.892208,events/second
1779786404,704643072,813193.651757,930915.038918,3419439.910996,19692166.892208,events/second
1779786405,704643072,812254.645526,930915.038918,3419439.910996,19692166.892208,events/second
1779786406,704643072,811318.046547,930915.038918,3419439.910996,19692166.892208,events/second
1779786407,704643072,810383.686877,930915.038918,3419439.910996,19692166.892208,events/second
1779786408,704643072,809451.114709,856483.182051,3362921.540523,19583069.294513,events/second
1779786409,704643072,808520.777585,856483.182051,3362921.540523,19583069.294513,events/second
1779786410,704643072,807592.084484,856483.182051,3362921.540523,19583069.294513,events/second
1779786411,704643072,806666.176030,856483.182051,3362921.540523,19583069.294513,events/second
1779786412,704643072,805742.437888,856483.182051,3362921.540523,19583069.294513,events/second
1779786413,704643072,804820.116465,788002.567870,3307337.336546,19474576.114090,events/second
1779786414,704643072,803900.675249,788002.567870,3307337.336546,19474576.114090,events/second
1779786415,704643072,802983.054067,788002.567870,3307337.336546,19474576.114090,events/second
1779786416,704643072,802067.827267,788002.567870,3307337.336546,19474576.114090,events/second
1779786417,704643072,801154.579259,788002.567870,3307337.336546,19474576.114090,events/second
1779786418,704643072,800243.412081,724997.361282,3252671.858651,19366684.002378,events/second
1779786419,704643072,799334.394264,724997.361282,3252671.858651,19366684.002378,events/second
1779786420,704643072,798427.522455,724997.361282,3252671.858651,19366684.002378,events/second
1779786421,704643072,797522.383613,724997.361282,3252671.858651,19366684.002378,events/second
1779786422,704643072,796618.868847,724997.361282,3252671.858651,19366684.002378,events/second
1779786423,704643072,795717.994133,667029.772869,3198909.921633,19259389.629364,events/second
1779786424,704643072,794819.159591,667029.772869,3198909.921633,19259389.629364,events/second
1779786425,704643072,793922.240961,667029.772869,3198909.921633,19259389.629364,events/second
1779786426,704643072,793027.510755,667029.772869,3198909.921633,19259389.629364,events/second
1779786427,704643072,792134.763532,667029.772869,3198909.921633,19259389.629364,events/second
1779786428,704643072,791244.080290,613697.016919,3146036.591272,19152689.683484,events/second
1779786429,704643072,790355.302202,613697.016919,3146036.591272,19152689.683484,events/second
1779786430,704643072,789468.577268,613697.016919,3146036.591272,19152689.683484,events/second
1779786431,704643072,788583.255138,613697.016919,3146036.591272,19152689.683484,events/second
1779786432,704643072,787700.397353,613697.016919,3146036.591272,19152689.683484,events/second
1779786433,704643072,786819.372296,564628.512691,3094037.180195,19046580.871523,events/second
1779786434,704643072,785940.477495,564628.512691,3094037.180195,19046580.871523,events/second
1779786435,704643072,785063.555467,564628.512691,3094037.180195,19046580.871523,events/second
1779786436,704643072,784188.188168,564628.512691,3094037.180195,19046580.871523,events/second
1779786437,704643072,783314.476108,564628.512691,3094037.180195,19046580.871523,events/second
1779786438,704643072,782443.481614,519483.309442,3042897.243784,18941059.918507,events/second
1779786439,704643072,781574.201168,519483.309442,3042897.243784,18941059.918507,events/second
1779786440,704643072,780707.059564,519483.309442,3042897.243784,18941059.918507,events/second
1779786441,704643072,779841.923714,519483.309442,3042897.243784,18941059.918507,events/second
1779786442,704643072,778978.779335,519483.309442,3042897.243784,18941059.918507,events/second
1779786443,704643072,778117.163753,477947.717345,2992602.576174,18836123.567611,events/second
1779786444,704643072,777256.836767,477947.717345,2992602.576174,18836123.567611,events/second
1779786445,704643072,776399.147113,477947.717345,2992602.576174,18836123.567611,events/second
1779786446,704643072,775543.508957,477947.717345,2992602.576174,18836123.567611,events/second
1779786447,704643072,774689.443137,477947.717345,2992602.576174,18836123.567611,events/second
1779786448,704643072,773837.433941,439733.127828,2943139.206300,18731768.580047,events/second
1779786449,704643072,772987.220934,439733.127828,2943139.206300,18731768.580047,events/second
1779786450,704643072,772138.876740,439733.127828,2943139.206300,18731768.580047,events/second
1779786451,704643072,771292.272353,439733.127828,2943139.206300,18731768.580047,events/second
1779786452,704643072,770447.698431,439733.127828,2943139.206300,18731768.580047,events/second
1779786453,704643072,769604.439932,404574.008186,2894493.394020,18627991.734977,events/second
1779786454,704643072,768763.478988,404574.008186,2894493.394020,18627991.734977,events/second
1779786455,704643072,767923.800790,404574.008186,2894493.394020,18627991.734977,events/second
1779786456,704643072,767085.836652,404574.008186,2894493.394020,18627991.734977,events/second
1779786457,704643072,766250.239750,404574.008186,2894493.394020,18627991.734977,events/second
1779786458,704643072,765416.236903,372226.056536,2846651.626294,18524789.829402,events/second
1779786459,704643072,764584.517847,372226.056536,2846651.626294,18524789.829402,events/second
1779786460,704643072,763754.407748,372226.056536,2846651.626294,18524789.829402,events/second
1779786461,704643072,762925.775343,372226.056536,2846651.626294,18524789.829402,events/second
1779786462,704643072,762099.324914,372226.056536,2846651.626294,18524789.829402,events/second
1779786463,704643072,761274.844998,342464.504295,2799600.613435,18422159.678069,events/second
1779786464,704643072,760452.021056,342464.504295,2799600.613435,18422159.678069,events/second
1779786465,704643072,759630.514378,342464.504295,2799600.613435,18422159.678069,events/second
1779786466,704643072,758811.098916,342464.504295,2799600.613435,18422159.678069,events/second
1779786467,704643072,757993.728597,342464.504295,2799600.613435,18422159.678069,events/second
1779786468,704643072,757177.477425,315082.554386,2753327.285414,18320098.113375,events/second
1779786469,704643072,756363.413318,315082.554386,2753327.285414,18320098.113375,events/second
1779786470,704643072,755551.291502,315082.554386,2753327.285414,18320098.113375,events/second
1779786471,704643072,754740.750761,315082.554386,2753327.285414,18320098.113375,events/second
1779786472,704643072,753931.636790,315082.554386,2753327.285414,18320098.113375,events/second
1779786473,704643072,753124.449089,289889.944310,2707818.788233,18218601.985262,events/second
1779786474,704643072,752319.235883,289889.944310,2707818.788233,18218601.985262,events/second
1779786475,704643072,751515.810626,289889.944310,2707818.788233,18218601.985262,events/second
1779786476,704643072,750714.042241,289889.944310,2707818.788233,18218601.985262,events/second
1779786477,704643072,749913.948682,289889.944310,2707818.788233,18218601.985262,events/second
1779786478,704643072,749115.536671,266711.624119,2663062.480349,18117668.161125,events/second
1779786479,704643072,748318.813896,266711.624119,2663062.480349,18117668.161125,events/second
1779786480,704643072,747523.428360,266711.624119,2663062.480349,18117668.161125,events/second
1779786481,704643072,746729.932975,266711.624119,2663062.480349,18117668.161125,events/second
1779786482,704643072,745938.310221,266711.624119,2663062.480349,18117668.161125,events/second
1779786483,704643072,745147.877399,245386.540088,2619045.929167,18017293.525715,events/second
1779786484,704643072,744359.346066,245386.540088,2619045.929167,18017293.525715,events/second
1779786485,704643072,743572.583284,245386.540088,2619045.929167,18017293.525715,events/second
